1 1 1 1
0.999 0.997801 0.971403 0.752323
0.998 0.995802 0.948251 0.639724
0.997 0.993918 0.928303 0.561587
0.996 0.992119 0.910695 0.501499
0.995 0.990389 0.89493 0.452856
0.994 0.988717 0.880676 0.412215
0.993 0.987095 0.867695 0.377516
0.992 0.985519 0.855807 0.347417
0.991 0.983983 0.844872 0.320984
0.99 0.982483 0.834774 0.297545
0.989 0.981017 0.825422 0.276594
0.988 0.979582 0.816736 0.25774
0.987 0.978175 0.80865 0.240679
0.986 0.976795 0.801107 0.225163
0.985 0.97544 0.794059 0.210994
0.984 0.974109 0.787462 0.198005
0.983 0.972799 0.781278 0.18606
0.982 0.971509 0.775475 0.175041
0.981 0.970239 0.770022 0.164851
0.98 0.968987 0.764892 0.155405
0.979 0.967752 0.760062 0.146629
0.978 0.966534 0.755511 0.13846
0.977 0.96533 0.751218 0.130842
0.976 0.964142 0.747166 0.123727
0.975 0.962968 0.74334 0.117072
0.974 0.961806 0.739723 0.110837
0.973 0.960658 0.736304 0.10499
0.972 0.959522 0.733069 0.0994983
0.971 0.958397 0.730006 0.0943359
0.97 0.957283 0.727106 0.089478
0.969 0.956178 0.724358 0.0849021
0.968 0.955084 0.721754 0.0805881
0.967 0.954 0.719285 0.0765176
0.966 0.952925 0.716944 0.0726741
0.965 0.951857 0.714723 0.0690423
0.964 0.950798 0.712614 0.0656083
0.963 0.949746 0.710613 0.0623593
0.962 0.948703 0.708714 0.0592836
0.961 0.947666 0.70691 0.0563704
0.96 0.946635 0.705196 0.0536097
0.959 0.945612 0.703568 0.0509923
0.958 0.944594 0.702021 0.0485097
0.957 0.943582 0.700551 0.046154
0.956 0.942575 0.699153 0.0439179
0.955 0.941574 0.697825 0.0417946
0.954 0.940577 0.696562 0.0397777
0.953 0.939586 0.695361 0.0378613
0.952 0.938599 0.694218 0.0360398
0.951 0.937616 0.693132 0.0343082
0.95 0.936637 0.692098 0.0326616
0.949 0.935663 0.691115 0.0310954
0.948 0.934691 0.69018 0.0296054
0.947 0.933724 0.689291 0.0281876
0.946 0.93276 0.688444 0.0268383
0.945 0.9318 0.687639 0.025554
0.944 0.930842 0.686872 0.0243314
0.943 0.929887 0.686143 0.0231673
0.942 0.928936 0.685448 0.0220588
0.941 0.927987 0.684788 0.0210031
0.94 0.92704 0.684159 0.0199976
0.939 0.926096 0.683561 0.0190398
0.938 0.925154 0.682992 0.0181275
0.937 0.924214 0.682449 0.0172583
0.936 0.923277 0.681933 0.0164302
0.935 0.922341 0.681442 0.0156412
0.934 0.921407 0.680974 0.0148894
0.933 0.920476 0.680529 0.014173
0.932 0.919546 0.680105 0.0134904
0.931 0.918616 0.679701 0.01284
0.93 0.91769 0.679317 0.0122202
0.929 0.916764 0.67895 0.0116295
0.928 0.91584 0.678602 0.0110666
0.927 0.914917 0.67827 0.0105303
0.926 0.913995 0.677954 0.0100192
0.925 0.913074 0.677652 0.00953216
0.924 0.912156 0.677366 0.00906809
0.923 0.911237 0.677093 0.00862588
0.922 0.910319 0.676832 0.00820454
0.921 0.909403 0.676584 0.00780311
0.92 0.908488 0.676348 0.00742063
0.919 0.907573 0.676122 0.00705625
0.918 0.906659 0.675907 0.00670912
0.917 0.905746 0.675702 0.00637844
0.916 0.904833 0.675506 0.00606346
0.915 0.903921 0.67532 0.00576344
0.914 0.903011 0.675143 0.0054777
0.913 0.9021 0.674973 0.00520557
0.912 0.901189 0.674811 0.00494643
0.911 0.90028 0.674656 0.00469967
0.91 0.89937 0.674508 0.00446472
0.909 0.898461 0.674366 0.00424103
0.908 0.897553 0.674232 0.00402809
0.907 0.896645 0.674102 0.00382539
0.906 0.895738 0.673979 0.00363247
0.905 0.89483 0.67386 0.00344885
0.904 0.893923 0.673747 0.00327413
0.903 0.893016 0.673639 0.00310787
0.902 0.892108 0.673534 0.00294968
0.901 0.891202 0.673434 0.0027992
0.9 0.890295 0.673338 0.00265606
