1 1 1 1
0.999 0.998698 0.979389 0.809641
0.998 0.997547 0.960102 0.696291
0.997 0.996496 0.943304 0.617931
0.996 0.995522 0.928331 0.557055
0.995 0.99461 0.914811 0.507109
0.994 0.993752 0.902497 0.464777
0.993 0.99294 0.891214 0.428114
0.992 0.992171 0.880828 0.395855
0.991 0.99144 0.871233 0.367135
0.99 0.990743 0.862343 0.341324
0.989 0.990079 0.854087 0.317952
0.988 0.989444 0.846406 0.296656
0.987 0.988838 0.839247 0.277149
0.986 0.988257 0.832568 0.259203
0.985 0.9877 0.82633 0.242628
0.984 0.987167 0.820498 0.227268
0.983 0.986654 0.815042 0.212995
0.982 0.986162 0.809935 0.199697
0.981 0.985689 0.805153 0.18728
0.98 0.985234 0.800673 0.175663
0.979 0.984795 0.796477 0.164775
0.978 0.984372 0.792546 0.154555
0.977 0.983964 0.788863 0.144949
0.976 0.983572 0.785413 0.13591
0.975 0.983192 0.782182 0.127395
0.974 0.982823 0.779158 0.119366
0.973 0.982467 0.776326 0.11179
0.972 0.982124 0.773678 0.104638
0.971 0.981792 0.771202 0.0978803
0.97 0.981469 0.768888 0.0914935
0.969 0.981155 0.766728 0.0854549
0.968 0.980852 0.764712 0.0797437
0.967 0.980557 0.762834 0.0743412
0.966 0.980271 0.761085 0.0692301
0.965 0.979992 0.759458 0.0643958
0.964 0.979721 0.757946 0.059823
0.963 0.979457 0.756544 0.0554984
0.962 0.979198 0.755244 0.0514106
0.961 0.978947 0.754041 0.0475474
0.96 0.978701 0.752931 0.0438983
0.959 0.978461 0.751907 0.0404538
0.958 0.978227 0.750964 0.0372046
0.957 0.977996 0.750098 0.0341424
0.956 0.977771 0.749305 0.0312588
0.955 0.97755 0.74858 0.0285464
0.954 0.977332 0.747918 0.0259984
0.953 0.977119 0.747317 0.0236076
0.952 0.97691 0.746772 0.0213676
0.951 0.976703 0.746279 0.0192731
0.95 0.9765 0.745835 0.0173178
0.949 0.976302 0.745437 0.0154962
0.948 0.976104 0.745081 0.0138035
0.947 0.97591 0.744766 0.0122343
0.946 0.975718 0.744486 0.010784
0.945 0.975528 0.74424 0.00944786
0.944 0.975341 0.744025 0.00822129
0.943 0.975155 0.743838 0.00709999
0.942 0.974972 0.743677 0.00607958
0.941 0.974791 0.743539 0.00515593
0.94 0.97461 0.743423 0.00432484
0.939 0.97443 0.743325 0.00358225
0.938 0.974253 0.743244 0.00292397
0.937 0.974074 0.743178 0.002346
0.936 0.973898 0.743125 0.00184417
0.935 0.973721 0.743083 0.00141432
0.934 0.973541 0.743051 0.00105219
0.933 0.973362 0.743026 0.000753366
0.932 0.97318 0.743007 0.00051329
0.931 0.972992 0.742994 0.000327142
0.93 0.972796 0.742984 0.000189761
0.929 0.972586 0.742977 9.55043e-05
0.928 0.972348 0.742971 3.80046e-05
0.927 0.972041 0.742965 9.72261e-06
0.926 0.971493 0.742957 1.03364e-06
0.925 0.969888 0.742928 8.89893e-08
0.924 0.966484 0.742765 3.23201e-08
0.923 0.961856 0.742273 2.10412e-08
0.922 0.956488 0.74129 1.64889e-08
0.921 0.950652 0.739704 1.39959e-08
0.92 0.944513 0.737448 1.23893e-08
0.919 0.93819 0.734491 1.12443e-08
0.918 0.931766 0.730828 1.03707e-08
0.917 0.925298 0.726473 9.67068e-09
0.916 0.918827 0.721446 9.0888e-09
0.915 0.912382 0.71578 8.59129e-09
0.914 0.90598 0.709501 8.15637e-09
0.913 0.89963 0.702642 7.76933e-09
0.912 0.893343 0.695231 7.41991e-09
0.911 0.88712 0.687297 7.10068e-09
0.91 0.880964 0.678865 6.80614e-09
0.909 0.874876 0.669961 6.5321e-09
0.908 0.868854 0.660606 6.27535e-09
0.907 0.862899 0.650823 6.03334e-09
0.906 0.857009 0.640633 5.80405e-09
0.905 0.851183 0.630054 5.58583e-09
0.904 0.845419 0.619104 5.37735e-09
0.903 0.83759 0.598348 5.07064e-09
0.902 0.827795 0.566162 4.66811e-09
0.901 0.8187 0.533729 4.29645e-09
0.9 0.811656 0.506788 4.0033e-09
