1 1 1 1
0.999 0.998785 0.979578 0.799964
0.998 0.9977 0.962412 0.701524
0.997 0.996695 0.947224 0.630433
0.996 0.995752 0.93353 0.573999
0.995 0.994862 0.921048 0.527027
0.994 0.994016 0.909587 0.486779
0.993 0.993211 0.899005 0.451601
0.992 0.992441 0.889195 0.420411
0.991 0.991704 0.880072 0.392446
0.99 0.990997 0.871565 0.367154
0.989 0.990319 0.863616 0.344116
0.988 0.989666 0.856175 0.323008
0.987 0.989037 0.849199 0.303571
0.986 0.988432 0.842652 0.285596
0.985 0.987848 0.836501 0.268913
0.984 0.987284 0.830716 0.25338
0.983 0.986739 0.825273 0.238876
0.982 0.986213 0.820148 0.2253
0.981 0.985703 0.81532 0.212564
0.98 0.98521 0.810772 0.200594
0.979 0.984733 0.806485 0.189323
0.978 0.98427 0.802444 0.178695
0.977 0.983821 0.798634 0.168658
0.976 0.983385 0.795043 0.159169
0.975 0.982962 0.791659 0.150187
0.974 0.982551 0.788469 0.141676
0.973 0.982151 0.785464 0.133607
0.972 0.981761 0.782633 0.125948
0.971 0.981381 0.779968 0.118676
0.97 0.981012 0.77746 0.111766
0.969 0.980653 0.7751 0.105198
0.968 0.980303 0.772882 0.0989509
0.967 0.97996 0.770797 0.0930086
0.966 0.979627 0.768841 0.0873529
0.965 0.979301 0.767005 0.0819703
0.964 0.978982 0.765284 0.0768468
0.963 0.97867 0.763673 0.0719698
0.962 0.978366 0.762166 0.0673272
0.961 0.978067 0.760758 0.0629082
0.96 0.977775 0.759444 0.0587036
0.959 0.977488 0.75822 0.0547031
0.958 0.977207 0.75708 0.0508987
0.957 0.976932 0.756021 0.047282
0.956 0.976661 0.755038 0.043846
0.955 0.976394 0.754128 0.0405836
0.954 0.976132 0.753287 0.0374879
0.953 0.975874 0.752511 0.0345529
0.952 0.97562 0.751797 0.0317726
0.951 0.975371 0.751142 0.0291414
0.95 0.975124 0.750542 0.0266549
0.949 0.974881 0.749994 0.0243075
0.948 0.974642 0.749495 0.0220947
0.947 0.974406 0.749042 0.0200124
0.946 0.974171 0.748633 0.0180566
0.945 0.97394 0.748264 0.0162227
0.944 0.973712 0.747934 0.0145073
0.943 0.973487 0.747639 0.0129065
0.942 0.973263 0.747378 0.0114171
0.941 0.973041 0.747146 0.0100357
0.94 0.972822 0.746944 0.0087588
0.939 0.972605 0.746768 0.00758344
0.938 0.972389 0.746616 0.00650638
0.937 0.972176 0.746486 0.00552462
0.936 0.971962 0.746375 0.00463527
0.935 0.971752 0.746283 0.00383516
0.934 0.971541 0.746207 0.00312153
0.933 0.971333 0.746146 0.00249121
0.932 0.971123 0.746097 0.00194128
0.931 0.970914 0.746058 0.0014686
0.93 0.970705 0.746029 0.00106989
0.929 0.970495 0.746008 0.000741766
0.928 0.970281 0.745993 0.000480541
0.927 0.970063 0.745982 0.000282131
0.926 0.969836 0.745976 0.000141869
0.925 0.969586 0.745971 5.40907e-05
0.924 0.969284 0.745967 1.11805e-05
0.923 0.968546 0.746104 6.70799e-07
0.922 0.96714 0.746331 1.80734e-07
0.921 0.96435 0.746237 4.1709e-08
0.92 0.960092 0.745886 2.38236e-08
0.919 0.954956 0.745095 1.78015e-08
0.918 0.949271 0.743737 1.47735e-08
0.917 0.94323 0.74173 1.2915e-08
0.916 0.936966 0.73903 1.16315e-08
0.915 0.930572 0.735623 1.06735e-08
0.914 0.924115 0.731518 9.91804e-09
0.913 0.917643 0.726732 9.29774e-09
0.912 0.911185 0.721294 8.7724e-09
0.911 0.904764 0.715233 8.31661e-09
0.91 0.898393 0.70858 7.91348e-09
0.909 0.892081 0.701363 7.55134e-09
0.908 0.885831 0.693612 7.22186e-09
0.907 0.879648 0.685353 6.9189e-09
0.906 0.873532 0.676612 6.63787e-09
0.905 0.867482 0.667412 6.37522e-09
0.904 0.861499 0.657775 6.12817e-09
0.903 0.855583 0.647723 5.89454e-09
0.902 0.84973 0.637275 5.67256e-09
0.901 0.84394 0.626447 5.46077e-09
0.9 0.838212 0.615261 5.258e-09
