1 1 1 1
0.999 0.998403 0.959415 0.642246
0.998 0.997018 0.929222 0.51241
0.997 0.995752 0.904637 0.426823
0.996 0.994573 0.883975 0.363494
0.995 0.993464 0.866293 0.313887
0.994 0.992414 0.850984 0.273649
0.993 0.991413 0.837616 0.24023
0.992 0.990456 0.825873 0.211992
0.991 0.989538 0.815506 0.187819
0.99 0.988653 0.806324 0.166911
0.989 0.987798 0.798166 0.148681
0.988 0.98697 0.790903 0.132679
0.987 0.986166 0.784427 0.118559
0.986 0.985383 0.778644 0.106042
0.985 0.98462 0.773476 0.0949082
0.984 0.983875 0.768855 0.0849717
0.983 0.983146 0.764722 0.0760822
0.982 0.982433 0.761025 0.0681122
0.981 0.981731 0.757719 0.0609558
0.98 0.981043 0.754764 0.054521
0.979 0.980365 0.752124 0.0487298
0.978 0.979696 0.749767 0.0435147
0.977 0.979035 0.747664 0.0388165
0.976 0.978383 0.745792 0.0345832
0.975 0.977736 0.744124 0.0307695
0.974 0.977097 0.742643 0.0273346
0.973 0.976463 0.741328 0.0242427
0.972 0.975834 0.740164 0.0214614
0.971 0.975209 0.739133 0.018962
0.97 0.974589 0.738224 0.0167181
0.969 0.973971 0.737422 0.0147064
0.968 0.973357 0.736718 0.0129053
0.967 0.972745 0.736099 0.0112955
0.966 0.972135 0.735558 0.00985929
0.965 0.971527 0.735085 0.00858046
0.964 0.970921 0.734673 0.00744425
0.963 0.970316 0.734314 0.00643716
0.962 0.969712 0.734003 0.00554681
0.961 0.969109 0.733734 0.00476183
0.96 0.968506 0.733502 0.00407183
0.959 0.967903 0.733302 0.00346725
0.958 0.9673 0.733128 0.00293935
0.957 0.966697 0.73298 0.00248009
0.956 0.966092 0.732852 0.00208214
0.955 0.965486 0.732742 0.00173877
0.954 0.96488 0.732647 0.00144384
0.953 0.96427 0.732564 0.00119176
0.952 0.96366 0.732493 0.000977419
0.951 0.963044 0.732429 0.0007962
0.95 0.962426 0.732373 0.000643906
0.949 0.961804 0.732322 0.000516751
0.948 0.961177 0.732275 0.000411327
0.947 0.960543 0.73223 0.000324579
0.946 0.959902 0.732188 0.000253775
0.945 0.959252 0.732145 0.000196492
0.944 0.958591 0.732103 0.000150584
0.943 0.957918 0.732058 0.000114166
0.942 0.957227 0.732011 8.55918e-05
0.941 0.956519 0.731961 6.34361e-05
0.94 0.955786 0.731906 4.64723e-05
0.939 0.955026 0.731845 3.36571e-05
0.938 0.954231 0.731775 2.41115e-05
0.937 0.953393 0.731696 1.71046e-05
0.936 0.952503 0.731604 1.20371e-05
0.935 0.951552 0.731497 8.42538e-06
0.934 0.950523 0.73137 5.88617e-06
0.933 0.949404 0.731217 4.12226e-06
0.932 0.948179 0.731031 2.90823e-06
0.931 0.946831 0.730803 2.07731e-06
0.93 0.945346 0.73052 1.50923e-06
0.929 0.943711 0.73017 1.11937e-06
0.928 0.941919 0.729734 8.49497e-07
0.927 0.939962 0.729193 6.60247e-07
0.926 0.937843 0.728527 5.25359e-07
0.925 0.935565 0.727714 4.2742e-07
0.924 0.933136 0.726732 3.54894e-07
0.923 0.930567 0.72556 3.00102e-07
0.922 0.92787 0.724179 2.57886e-07
0.921 0.925059 0.722571 2.24745e-07
0.92 0.922147 0.720723 1.98266e-07
0.919 0.919147 0.718623 1.76761e-07
0.918 0.91607 0.71626 1.5903e-07
0.917 0.912928 0.713628 1.44211e-07
0.916 0.909731 0.710721 1.31668e-07
0.915 0.906486 0.707535 1.20932e-07
0.914 0.903201 0.704068 1.11647e-07
0.913 0.899881 0.700317 1.03542e-07
0.912 0.896535 0.696284 9.64059e-08
0.911 0.893163 0.691967 9.00749e-08
0.91 0.889772 0.687367 8.44183e-08
0.909 0.886364 0.682486 7.93318e-08
0.908 0.882942 0.677326 7.4731e-08
0.907 0.879509 0.671886 7.0547e-08
0.906 0.876066 0.666172 6.67233e-08
0.905 0.872617 0.660185 6.32128e-08
0.904 0.869161 0.653926 5.99763e-08
0.903 0.865702 0.6474 5.69809e-08
0.902 0.862239 0.640609 5.41986e-08
0.901 0.858774 0.633555 5.16055e-08
0.9 0.855357 0.626468 4.92326e-08
