1 1 1 1
0.999 0.998319 0.966218 0.685548
0.998 0.997355 0.955412 0.642194
0.997 0.996399 0.944402 0.600288
0.996 0.995486 0.934125 0.563513
0.995 0.994614 0.924491 0.530751
0.994 0.993777 0.915433 0.501227
0.993 0.992964 0.906171 0.471428
0.992 0.99215 0.894743 0.433762
0.991 0.99138 0.884234 0.400709
0.99 0.990648 0.874533 0.371341
0.989 0.989952 0.865553 0.344991
0.988 0.989288 0.857219 0.321163
0.987 0.988654 0.849469 0.299476
0.986 0.988048 0.842252 0.279632
0.985 0.987468 0.835521 0.261391
0.984 0.986912 0.829237 0.244556
0.983 0.98638 0.823366 0.228967
0.982 0.985869 0.817875 0.21449
0.981 0.985378 0.812738 0.201009
0.98 0.984906 0.80793 0.188428
0.979 0.984452 0.803429 0.176664
0.978 0.984015 0.799214 0.165642
0.977 0.983594 0.795266 0.155302
0.976 0.983188 0.79157 0.145586
0.975 0.982796 0.788109 0.136447
0.974 0.982417 0.784869 0.127841
0.973 0.982052 0.781837 0.119731
0.972 0.981698 0.779 0.11208
0.971 0.981356 0.776348 0.10486
0.97 0.981024 0.773869 0.0980408
0.969 0.980703 0.771555 0.0915978
0.968 0.980392 0.769395 0.085508
0.967 0.98009 0.76738 0.0797504
0.966 0.979797 0.765504 0.0743064
0.965 0.979512 0.763757 0.0691584
0.964 0.979234 0.762134 0.0642903
0.963 0.978964 0.760626 0.0596873
0.962 0.978702 0.759229 0.0553359
0.961 0.978445 0.757934 0.0512245
0.96 0.978194 0.756738 0.0473407
0.959 0.97795 0.755633 0.0436737
0.958 0.977712 0.754616 0.040214
0.957 0.977478 0.75368 0.0369521
0.956 0.977248 0.752821 0.0338796
0.955 0.977025 0.752035 0.0309875
0.954 0.976805 0.751317 0.0282692
0.953 0.976589 0.750663 0.0257168
0.952 0.976377 0.750069 0.0233237
0.951 0.976168 0.749531 0.0210836
0.95 0.975964 0.749046 0.0189899
0.949 0.975762 0.748609 0.0170374
0.948 0.975563 0.748218 0.0152202
0.947 0.975366 0.747869 0.0135331
0.946 0.975172 0.74756 0.011971
0.945 0.974981 0.747287 0.0105288
0.944 0.974792 0.747047 0.00920194
0.943 0.974607 0.746838 0.00798573
0.942 0.974422 0.746657 0.00687578
0.941 0.974239 0.746501 0.00586766
0.94 0.974057 0.746369 0.00495705
0.939 0.973878 0.746257 0.00413968
0.938 0.973698 0.746163 0.00341142
0.937 0.973521 0.746087 0.00276798
0.936 0.973343 0.746024 0.00220523
0.935 0.973166 0.745974 0.00171888
0.934 0.972988 0.745935 0.00130464
0.933 0.97281 0.745905 0.000958099
0.932 0.97263 0.745882 0.000674694
0.931 0.972446 0.745866 0.000449661
0.93 0.972257 0.745853 0.000277955
0.929 0.972058 0.745845 0.000154137
0.928 0.97184 0.745838 7.21972e-05
0.927 0.971586 0.745832 2.52536e-05
0.926 0.971228 0.745826 4.95334e-06
0.925 0.970444 0.745815 3.6848e-07
0.924 0.968159 0.745757 5.38125e-08
0.923 0.964212 0.745494 2.65331e-08
0.922 0.959255 0.744833 1.89165e-08
0.921 0.953676 0.743631 1.53823e-08
0.92 0.947697 0.741794 1.33042e-08
0.919 0.941464 0.739267 1.19065e-08
0.918 0.935083 0.736034 1.08816e-08
0.917 0.928624 0.732094 1.00836e-08
0.916 0.92214 0.727467 9.43452e-09
0.915 0.915665 0.722178 8.8887e-09
0.914 0.909224 0.716258 8.41779e-09
0.913 0.90283 0.709735 8.00312e-09
0.912 0.896494 0.702641 7.63195e-09
0.911 0.89022 0.695004 7.29522e-09
0.91 0.884013 0.686852 6.98635e-09
0.909 0.877873 0.678212 6.70041e-09
0.908 0.871801 0.669105 6.4336e-09
0.907 0.865795 0.659556 6.18301e-09
0.906 0.859856 0.649585 5.94631e-09
0.905 0.853982 0.639213 5.72164e-09
0.904 0.848172 0.628458 5.50749e-09
0.903 0.842424 0.617339 5.30261e-09
0.902 0.832843 0.588012 4.91033e-09
0.901 0.823188 0.555122 4.51594e-09
0.9 0.813878 0.520858 4.13865e-09
