1 1 1 1
0.999 0.998319 0.963332 0.678194
0.998 0.996866 0.930165 0.527192
0.997 0.995553 0.903665 0.433234
0.996 0.99434 0.881648 0.365452
0.995 0.993205 0.862969 0.313183
0.994 0.992135 0.84691 0.271263
0.993 0.991121 0.832975 0.236755
0.992 0.990154 0.820802 0.20781
0.991 0.989229 0.810113 0.183189
0.99 0.988341 0.80069 0.162016
0.989 0.987485 0.792359 0.14365
0.988 0.986658 0.784976 0.127608
0.987 0.985857 0.778422 0.113516
0.986 0.985078 0.772596 0.101082
0.985 0.98432 0.767412 0.0900675
0.984 0.983583 0.762798 0.080279
0.983 0.982862 0.758689 0.0715581
0.982 0.982156 0.75503 0.0637721
0.981 0.981464 0.751773 0.0568095
0.98 0.980784 0.748874 0.0505755
0.979 0.980115 0.746296 0.0449889
0.978 0.979456 0.744006 0.0399793
0.977 0.978807 0.741974 0.035486
0.976 0.978164 0.740172 0.0314557
0.975 0.977529 0.738576 0.0278415
0.974 0.9769 0.737165 0.0246017
0.973 0.976276 0.735919 0.0216996
0.972 0.975657 0.734821 0.0191021
0.971 0.975042 0.733855 0.0167797
0.97 0.974432 0.733007 0.014706
0.969 0.973825 0.732265 0.012857
0.968 0.97322 0.731615 0.0112111
0.967 0.972618 0.731049 0.00974853
0.966 0.972018 0.730555 0.00845167
0.965 0.971419 0.730127 0.00730422
0.964 0.970821 0.729756 0.00629142
0.963 0.970226 0.729435 0.00539981
0.962 0.96963 0.729158 0.00461711
0.961 0.969035 0.72892 0.00393211
0.96 0.968439 0.728714 0.00333458
0.959 0.967844 0.728539 0.00281516
0.958 0.967247 0.728387 0.00236537
0.957 0.966651 0.728257 0.00197742
0.956 0.966051 0.728145 0.00164427
0.955 0.965452 0.728049 0.00135949
0.954 0.964849 0.727964 0.00111728
0.953 0.963998 0.727908 0.00102328
0.952 0.963125 0.727854 0.000946084
0.951 0.962252 0.727803 0.000874381
0.95 0.961377 0.727753 0.000807809
0.949 0.9605 0.727703 0.000746022
0.948 0.959623 0.727654 0.0006887
0.947 0.958746 0.727607 0.000635539
0.946 0.957866 0.727559 0.000586257
0.945 0.956985 0.727513 0.000540588
0.944 0.956104 0.727467 0.000498285
0.943 0.95522 0.72742 0.000459114
0.942 0.954336 0.727375 0.00042286
0.941 0.953448 0.727328 0.000389317
0.94 0.95256 0.727282 0.000358297
0.939 0.95167 0.727235 0.00032962
0.938 0.950777 0.727187 0.000303122
0.937 0.949883 0.727139 0.000278647
0.936 0.948986 0.72709 0.00025605
0.935 0.948088 0.72704 0.000235196
0.934 0.947186 0.726989 0.000215958
0.933 0.946282 0.726937 0.00019822
0.932 0.945375 0.726884 0.00018187
0.931 0.944466 0.726829 0.000166808
0.93 0.943553 0.726773 0.000152938
0.929 0.942636 0.726714 0.00014017
0.928 0.941717 0.726654 0.000128423
0.927 0.940833 0.726595 0.000117753
0.926 0.940257 0.726542 0.000108866
0.925 0.939678 0.726489 0.000100533
0.924 0.939098 0.726436 9.27266e-05
0.923 0.938516 0.726381 8.54216e-05
0.922 0.937929 0.726324 7.85932e-05
0.921 0.93734 0.726266 7.22176e-05
0.92 0.936747 0.726206 6.62718e-05
0.919 0.936152 0.726146 6.07336e-05
0.918 0.935552 0.726083 5.55813e-05
0.917 0.934948 0.726019 5.07943e-05
0.916 0.934339 0.725952 4.63525e-05
0.915 0.933779 0.725895 3.74322e-05
0.914 0.93344 0.725846 3.32732e-05
0.913 0.933106 0.725794 3.08421e-05
0.912 0.93277 0.725742 2.85271e-05
0.911 0.93243 0.725689 2.63261e-05
0.91 0.932088 0.725635 2.42368e-05
0.909 0.931742 0.725581 2.2257e-05
0.908 0.931391 0.725525 2.03843e-05
0.907 0.931037 0.725469 1.86164e-05
0.906 0.930677 0.725412 1.69509e-05
0.905 0.930312 0.725354 1.53855e-05
0.904 0.929941 0.725296 1.39176e-05
0.903 0.929564 0.725236 1.25448e-05
0.902 0.928759 0.725235 1.60157e-05
0.901 0.927586 0.725284 3.02357e-05
0.9 0.926677 0.725304 4.98518e-05
