1 1 1 1
0.999 0.998703 0.980696 0.824286
0.998 0.997538 0.96111 0.705151
0.997 0.996479 0.944113 0.624449
0.996 0.995498 0.928987 0.56224
0.995 0.99458 0.915344 0.511414
0.994 0.993716 0.902927 0.468452
0.993 0.9929 0.891555 0.431311
0.992 0.992126 0.881092 0.39868
0.991 0.991391 0.871428 0.369657
0.99 0.99069 0.862477 0.343598
0.989 0.990023 0.854166 0.320017
0.988 0.989385 0.846434 0.298543
0.987 0.988776 0.83923 0.278883
0.986 0.988192 0.83251 0.260801
0.985 0.987633 0.826232 0.244109
0.984 0.987097 0.820364 0.228646
0.983 0.986582 0.814875 0.21428
0.982 0.986088 0.809737 0.200899
0.981 0.985612 0.804926 0.188406
0.98 0.985155 0.80042 0.17672
0.979 0.984715 0.796199 0.16577
0.978 0.98429 0.792243 0.155493
0.977 0.983881 0.788538 0.145834
0.976 0.983486 0.785067 0.136746
0.975 0.983104 0.781816 0.128186
0.974 0.982736 0.778773 0.120116
0.973 0.982379 0.775924 0.112501
0.972 0.982034 0.773258 0.105312
0.971 0.981699 0.770766 0.0985208
0.97 0.981375 0.768437 0.092102
0.969 0.981062 0.766263 0.0860327
0.968 0.980757 0.764234 0.0802931
0.967 0.980461 0.762342 0.0748636
0.966 0.980174 0.760581 0.0697271
0.965 0.979894 0.758942 0.0648683
0.964 0.979622 0.757419 0.0602724
0.963 0.979357 0.756006 0.0559258
0.962 0.979098 0.754696 0.0518168
0.961 0.978845 0.753484 0.0479335
0.96 0.978599 0.752364 0.044265
0.959 0.978359 0.751332 0.0408017
0.958 0.978123 0.750381 0.0375347
0.957 0.977892 0.749508 0.0344551
0.956 0.977666 0.748707 0.0315551
0.955 0.977444 0.747975 0.0288267
0.954 0.977227 0.747307 0.0262628
0.953 0.977014 0.746699 0.023857
0.952 0.976803 0.746148 0.0216029
0.951 0.976597 0.74565 0.019494
0.95 0.976393 0.745201 0.0175251
0.949 0.976193 0.744798 0.0156905
0.948 0.975996 0.744438 0.0139848
0.947 0.975802 0.744118 0.0124033
0.946 0.975609 0.743834 0.0109409
0.945 0.975419 0.743585 0.00959307
0.944 0.975232 0.743366 0.00835518
0.943 0.975046 0.743177 0.00722286
0.942 0.974863 0.743013 0.00619183
0.941 0.974681 0.742873 0.00525791
0.94 0.974499 0.742754 0.00441692
0.939 0.97432 0.742654 0.00366471
0.938 0.974142 0.742571 0.00299723
0.937 0.973965 0.742504 0.0024104
0.936 0.973787 0.742449 0.00190012
0.935 0.97361 0.742406 0.00146219
0.934 0.973431 0.742372 0.00109242
0.933 0.973252 0.742347 0.000786391
0.932 0.973069 0.742327 0.0005396
0.931 0.972883 0.742313 0.000347258
0.93 0.97269 0.742303 0.000204268
0.929 0.972482 0.742296 0.000105071
0.928 0.972249 0.742289 4.34183e-05
0.927 0.971953 0.742284 1.19717e-05
0.926 0.971459 0.742276 1.45703e-06
0.925 0.970062 0.742253 1.11155e-07
0.924 0.966864 0.742118 3.50055e-08
0.923 0.962358 0.741678 2.18898e-08
0.922 0.957067 0.740765 1.68953e-08
0.921 0.95128 0.73926 1.42358e-08
0.92 0.945173 0.737091 1.25496e-08
0.919 0.938869 0.734225 1.13605e-08
0.918 0.932453 0.730651 1.04599e-08
0.917 0.925989 0.726383 9.74218e-09
0.916 0.919518 0.721442 9.14802e-09
0.915 0.91307 0.715856 8.64164e-09
0.914 0.906661 0.709655 8.20007e-09
0.913 0.900306 0.70287 7.80793e-09
0.912 0.894011 0.695529 7.45449e-09
0.911 0.887781 0.687662 7.13204e-09
0.91 0.881617 0.679294 6.83485e-09
0.909 0.875521 0.67045 6.55863e-09
0.908 0.869491 0.661153 6.30003e-09
0.907 0.863529 0.651427 6.05647e-09
0.906 0.857631 0.641289 5.82584e-09
0.905 0.851797 0.63076 5.60646e-09
0.904 0.846027 0.619859 5.39697e-09
0.903 0.838531 0.600739 5.10662e-09
0.902 0.828699 0.568731 4.70222e-09
0.901 0.819232 0.53524 4.31672e-09
0.9 0.81123 0.504797 3.98846e-09
