1 1 1 1
0.999 0.998291 0.974595 0.769077
0.998 0.996757 0.953741 0.660653
0.997 0.995328 0.935621 0.584307
0.996 0.993978 0.919523 0.524884
0.995 0.992693 0.905035 0.47626
0.994 0.991463 0.89188 0.435238
0.993 0.990282 0.879858 0.399899
0.992 0.989144 0.868818 0.368984
0.991 0.988045 0.858638 0.341621
0.99 0.986981 0.849222 0.317177
0.989 0.98595 0.840489 0.295171
0.988 0.98495 0.832371 0.275239
0.987 0.983978 0.82481 0.257087
0.986 0.983032 0.817757 0.240479
0.985 0.982111 0.811167 0.225227
0.984 0.981213 0.805004 0.21117
0.983 0.980336 0.799233 0.198175
0.982 0.979479 0.793824 0.186129
0.981 0.978642 0.78875 0.174939
0.98 0.977823 0.783987 0.16452
0.979 0.977021 0.779514 0.1548
0.978 0.976235 0.775311 0.145718
0.977 0.975463 0.771358 0.137218
0.976 0.974708 0.767642 0.129253
0.975 0.973964 0.764145 0.121778
0.974 0.973234 0.760854 0.114758
0.973 0.972517 0.757757 0.108156
0.972 0.971811 0.754841 0.101943
0.971 0.971117 0.752096 0.0960895
0.97 0.970433 0.749512 0.090572
0.969 0.96976 0.747079 0.0853673
0.968 0.969095 0.744788 0.0804548
0.967 0.968439 0.742631 0.0758155
0.966 0.967793 0.740602 0.0714322
0.965 0.967155 0.738691 0.0672893
0.964 0.966525 0.736894 0.0633721
0.963 0.965901 0.735202 0.0596675
0.962 0.965285 0.733612 0.0561627
0.961 0.964676 0.732116 0.0528467
0.96 0.964073 0.73071 0.0497087
0.959 0.963475 0.729389 0.0467391
0.958 0.962884 0.728148 0.0439284
0.957 0.962298 0.726983 0.0412682
0.956 0.961717 0.725889 0.0387506
0.955 0.961141 0.724863 0.0363681
0.954 0.96057 0.723901 0.0341136
0.953 0.960003 0.723 0.0319807
0.952 0.95944 0.722155 0.0299631
0.951 0.958881 0.721365 0.0280551
0.95 0.958325 0.720625 0.0262511
0.949 0.957774 0.719933 0.024546
0.948 0.957226 0.719287 0.0229349
0.947 0.956682 0.718684 0.0214132
0.946 0.95614 0.718121 0.0199765
0.945 0.9556 0.717595 0.0186208
0.944 0.955065 0.717106 0.0173419
0.943 0.954531 0.716651 0.0161362
0.942 0.954 0.716227 0.0150002
0.941 0.953472 0.715834 0.0139303
0.94 0.952946 0.715468 0.0129236
0.939 0.952421 0.715129 0.0119767
0.938 0.951899 0.714814 0.0110869
0.937 0.951379 0.714523 0.0102513
0.936 0.95086 0.714254 0.00946716
0.935 0.950344 0.714005 0.00873203
0.934 0.949829 0.713775 0.00804343
0.933 0.949316 0.713564 0.007399
0.932 0.948803 0.713368 0.00679652
0.931 0.948293 0.713189 0.00623383
0.93 0.947783 0.713023 0.00570888
0.929 0.947276 0.712872 0.00521969
0.928 0.946768 0.712732 0.00476437
0.927 0.946262 0.712604 0.00434113
0.926 0.945757 0.712487 0.00394821
0.925 0.945254 0.712381 0.00358395
0.924 0.94475 0.712283 0.00324676
0.923 0.944247 0.712193 0.00293511
0.922 0.943745 0.712112 0.00264753
0.921 0.943243 0.712037 0.00238262
0.92 0.942743 0.711969 0.00213902
0.919 0.942086 0.711788 9.59989e-07
0.918 0.941271 0.711521 8.80295e-07
0.917 0.940217 0.711295 2.83189e-06
0.916 0.939194 0.710175 0.240677
0.915 0.938702 0.704303 0.361736
0.914 0.938247 0.69932 0.335481
0.913 0.937822 0.694224 0.309001
0.912 0.937424 0.689474 0.284994
0.911 0.937049 0.685095 0.263381
0.91 0.936696 0.68105 0.243777
0.909 0.936364 0.677309 0.225884
0.908 0.93605 0.673846 0.20947
0.907 0.935753 0.670637 0.194348
0.906 0.935471 0.667662 0.180368
0.905 0.935205 0.664903 0.167403
0.904 0.934953 0.662346 0.155349
0.903 0.934714 0.659975 0.144117
0.902 0.934486 0.657777 0.133631
0.901 0.93427 0.655742 0.123826
0.9 0.934064 0.653859 0.114647
