1 1 1 1
0.999 0.998135 0.960663 0.653748
0.998 0.997205 0.950491 0.615339
0.997 0.996291 0.940377 0.578864
0.996 0.9954 0.930467 0.544633
0.995 0.994547 0.921158 0.513905
0.994 0.993728 0.91239 0.486053
0.993 0.992941 0.904111 0.460606
0.992 0.992183 0.89628 0.437211
0.991 0.991454 0.88886 0.415585
0.99 0.990715 0.879401 0.386651
0.989 0.990003 0.870052 0.35862
0.988 0.989325 0.86139 0.333385
0.987 0.988679 0.853347 0.310504
0.986 0.988061 0.845864 0.289633
0.985 0.98747 0.838893 0.270497
0.984 0.986905 0.83239 0.252879
0.983 0.986363 0.826319 0.236599
0.982 0.985844 0.820645 0.221505
0.981 0.985345 0.81534 0.207474
0.98 0.984866 0.810378 0.194396
0.979 0.984406 0.805734 0.182183
0.978 0.983963 0.801387 0.170755
0.977 0.983536 0.797318 0.160044
0.976 0.983125 0.793508 0.149989
0.975 0.982728 0.789943 0.14054
0.974 0.982345 0.786606 0.131647
0.973 0.981975 0.783483 0.123273
0.972 0.981617 0.780563 0.115378
0.971 0.981271 0.777833 0.107932
0.97 0.980937 0.775282 0.100903
0.969 0.980613 0.772899 0.0942653
0.968 0.980298 0.770676 0.0879946
0.967 0.979994 0.768604 0.0820675
0.966 0.979698 0.766673 0.0764654
0.965 0.97941 0.764876 0.0711698
0.964 0.979131 0.763205 0.066163
0.963 0.978859 0.761654 0.0614304
0.962 0.978593 0.760215 0.0569581
0.961 0.978336 0.758883 0.0527319
0.96 0.978084 0.757652 0.0487409
0.959 0.977839 0.756514 0.0449733
0.958 0.977597 0.755466 0.0414193
0.957 0.977363 0.754503 0.0380682
0.956 0.977132 0.753618 0.0349118
0.955 0.976908 0.752808 0.0319408
0.954 0.976687 0.752068 0.0291482
0.953 0.976469 0.751393 0.0265262
0.952 0.976256 0.75078 0.0240674
0.951 0.976048 0.750226 0.0217652
0.95 0.975843 0.749725 0.0196136
0.949 0.97564 0.749274 0.0176064
0.948 0.97544 0.748869 0.0157381
0.947 0.975244 0.748509 0.0140028
0.946 0.975049 0.748189 0.0123957
0.945 0.974859 0.747906 0.0109113
0.944 0.974669 0.747658 0.00954507
0.943 0.974482 0.747441 0.00829214
0.942 0.974297 0.747253 0.00714798
0.941 0.974114 0.747091 0.006108
0.94 0.973933 0.746953 0.00516788
0.939 0.973753 0.746837 0.00432328
0.938 0.973573 0.746739 0.00356992
0.937 0.973395 0.746659 0.00290345
0.936 0.973219 0.746594 0.00231963
0.935 0.973041 0.746541 0.00181417
0.934 0.972864 0.7465 0.00138268
0.933 0.972686 0.746468 0.00102068
0.932 0.972507 0.746444 0.000723557
0.931 0.972323 0.746427 0.000486517
0.93 0.972136 0.746414 0.000304461
0.929 0.971939 0.746404 0.000171931
0.928 0.971726 0.746397 8.29151e-05
0.927 0.971478 0.746392 3.05711e-05
0.926 0.971145 0.746386 6.67826e-06
0.925 0.970471 0.746376 5.50868e-07
0.924 0.968451 0.746332 6.32076e-08
0.923 0.964682 0.746109 2.82298e-08
0.922 0.959826 0.745511 1.9545e-08
0.921 0.954306 0.744386 1.57033e-08
0.92 0.948364 0.742634 1.34991e-08
0.919 0.94215 0.740197 1.20382e-08
0.918 0.935775 0.737051 1.09775e-08
0.917 0.929315 0.733196 1.01573e-08
0.916 0.922823 0.728649 9.49348e-09
0.915 0.916339 0.723435 8.93747e-09
0.914 0.909884 0.717583 8.45918e-09
0.913 0.903477 0.711125 8.03903e-09
0.912 0.897126 0.704091 7.66366e-09
0.911 0.890838 0.696509 7.32365e-09
0.91 0.884616 0.688408 7.01217e-09
0.909 0.878461 0.679812 6.7241e-09
0.908 0.872375 0.67075 6.45556e-09
0.907 0.866356 0.66124 6.20353e-09
0.906 0.860404 0.651305 5.96561e-09
0.905 0.854516 0.640965 5.73991e-09
0.904 0.848693 0.63024 5.52487e-09
0.903 0.842932 0.619148 5.31922e-09
0.902 0.833859 0.59235 4.95274e-09
0.901 0.824152 0.559595 4.55651e-09
0.9 0.815758 0.528951 4.21263e-09
