1 1 1 1
0.999 0.998366 0.957593 0.632554
0.998 0.996962 0.926356 0.500862
0.997 0.995683 0.901097 0.414584
0.996 0.994498 0.879995 0.351072
0.995 0.993387 0.862037 0.301551
0.994 0.992338 0.846569 0.261556
0.993 0.991342 0.833131 0.228473
0.992 0.990392 0.821384 0.200629
0.991 0.989482 0.811065 0.176884
0.99 0.988608 0.801969 0.156426
0.989 0.987765 0.793928 0.138654
0.988 0.986949 0.786804 0.123115
0.987 0.986159 0.780482 0.109456
0.986 0.985389 0.774866 0.0973973
0.985 0.984641 0.769873 0.0867124
0.984 0.983911 0.765433 0.0772162
0.983 0.983198 0.761482 0.0687562
0.982 0.982499 0.757968 0.0612051
0.981 0.981814 0.754844 0.0544546
0.98 0.981139 0.752066 0.048414
0.979 0.980477 0.749601 0.0430037
0.978 0.979822 0.747413 0.0381564
0.977 0.979177 0.745474 0.0338124
0.976 0.978538 0.743757 0.0299199
0.975 0.977907 0.74224 0.0264331
0.974 0.977281 0.740901 0.0233115
0.973 0.97666 0.739721 0.0205189
0.972 0.976044 0.738683 0.0180231
0.971 0.975432 0.737773 0.0157953
0.97 0.974824 0.736975 0.0138094
0.969 0.973944 0.736543 0.0129027
0.968 0.973061 0.736144 0.0120668
0.967 0.97218 0.73577 0.0112828
0.966 0.971299 0.735419 0.0105477
0.965 0.970421 0.735092 0.00985843
0.964 0.969543 0.734786 0.00921221
0.963 0.968666 0.734499 0.00860643
0.962 0.96779 0.734229 0.00803865
0.961 0.966914 0.733978 0.00750656
0.96 0.96604 0.733742 0.00700799
0.959 0.965167 0.733522 0.00654091
0.958 0.964294 0.733315 0.00610341
0.957 0.963422 0.733122 0.0056937
0.956 0.96255 0.732941 0.00531008
0.955 0.961679 0.732771 0.00495096
0.954 0.960808 0.732611 0.00461487
0.953 0.959937 0.732461 0.00430037
0.952 0.959067 0.732321 0.00400617
0.951 0.958197 0.732189 0.00373101
0.95 0.957326 0.732065 0.00347373
0.949 0.956457 0.731949 0.00323322
0.948 0.955587 0.731838 0.00300844
0.947 0.954717 0.731735 0.00279843
0.946 0.953848 0.731638 0.00260227
0.945 0.952977 0.731545 0.0024191
0.944 0.952108 0.731458 0.0022481
0.943 0.951238 0.731376 0.00208851
0.942 0.950367 0.731298 0.00193961
0.941 0.949496 0.731223 0.00180073
0.94 0.948625 0.731152 0.00167124
0.939 0.947754 0.731085 0.00155054
0.938 0.946881 0.73102 0.00143807
0.937 0.946009 0.730958 0.00133329
0.936 0.945136 0.730899 0.00123573
0.935 0.944262 0.730842 0.0011449
0.934 0.943387 0.730786 0.00106037
0.933 0.942513 0.730733 0.000981738
0.932 0.941637 0.730681 0.000908612
0.931 0.94076 0.73063 0.000840631
0.93 0.939882 0.730581 0.000777456
0.929 0.939004 0.730533 0.000718769
0.928 0.938124 0.730485 0.000664268
0.927 0.937243 0.730438 0.000613676
0.926 0.936361 0.730391 0.00056673
0.925 0.935478 0.730345 0.000523182
0.924 0.934593 0.730299 0.000482802
0.923 0.933707 0.730253 0.000445374
0.922 0.932819 0.730208 0.000410696
0.921 0.931929 0.730161 0.000378578
0.92 0.931039 0.730115 0.000348843
0.919 0.930146 0.730068 0.000321324
0.918 0.929251 0.730021 0.000295868
0.917 0.928354 0.729972 0.000272328
0.916 0.927455 0.729923 0.000250569
0.915 0.926811 0.72988 0.000232099
0.914 0.926254 0.729838 0.000215291
0.913 0.925695 0.729796 0.000199478
0.912 0.925135 0.729754 0.000184615
0.911 0.924573 0.72971 0.000170659
0.91 0.924011 0.729667 0.000157567
0.909 0.923446 0.729622 0.0001453
0.908 0.92288 0.729577 0.000133816
0.907 0.922312 0.729531 0.000123079
0.906 0.921741 0.729483 0.00011305
0.905 0.921168 0.729435 0.000103695
0.904 0.920593 0.729386 9.49786e-05
0.903 0.920015 0.729335 8.68676e-05
0.902 0.919432 0.729283 7.93299e-05
0.901 0.918848 0.72923 7.23344e-05
0.9 0.91826 0.729176 6.58513e-05
