1 1 1 1
0.999 0.998701 0.980241 0.819157
0.998 0.997541 0.960758 0.702083
0.997 0.996485 0.94383 0.6222
0.996 0.995506 0.928757 0.560454
0.995 0.99459 0.915156 0.509932
0.994 0.993728 0.902775 0.467189
0.993 0.992913 0.891434 0.430212
0.992 0.992141 0.880996 0.397709
0.991 0.991407 0.871356 0.368791
0.99 0.990708 0.862426 0.342816
0.989 0.990042 0.854134 0.319308
0.988 0.989405 0.84642 0.297895
0.987 0.988797 0.839232 0.278288
0.986 0.988214 0.832525 0.260253
0.985 0.987656 0.826261 0.2436
0.984 0.987121 0.820405 0.228174
0.983 0.986607 0.814928 0.213839
0.982 0.986113 0.8098 0.200486
0.981 0.985638 0.804999 0.18802
0.98 0.985182 0.800502 0.176358
0.979 0.984742 0.796289 0.165429
0.978 0.984318 0.792342 0.155172
0.977 0.98391 0.788645 0.145531
0.976 0.983515 0.785181 0.136459
0.975 0.983133 0.781937 0.127914
0.974 0.982766 0.7789 0.119859
0.973 0.982409 0.776057 0.112257
0.972 0.982065 0.773398 0.105081
0.971 0.98173 0.770911 0.0983014
0.97 0.981407 0.768587 0.0918936
0.969 0.981094 0.766418 0.0858346
0.968 0.980789 0.764393 0.0801048
0.967 0.980494 0.762506 0.0746845
0.966 0.980207 0.760749 0.0695572
0.965 0.979928 0.759114 0.0647064
0.964 0.979656 0.757595 0.0601183
0.963 0.97939 0.756186 0.0557797
0.962 0.979132 0.754879 0.0516776
0.961 0.97888 0.75367 0.0478012
0.96 0.978634 0.752554 0.0441393
0.959 0.978393 0.751524 0.0406829
0.958 0.978158 0.750576 0.0374218
0.957 0.977927 0.749705 0.0343483
0.956 0.977702 0.748907 0.0314536
0.955 0.97748 0.748178 0.0287307
0.954 0.977262 0.747511 0.0261725
0.953 0.977049 0.746906 0.0237718
0.952 0.97684 0.746357 0.0215223
0.951 0.976633 0.745861 0.0194184
0.95 0.976431 0.745414 0.0174541
0.949 0.97623 0.745013 0.015624
0.948 0.976033 0.744654 0.0139228
0.947 0.975838 0.744335 0.0123455
0.946 0.975646 0.744053 0.0108872
0.945 0.975457 0.743805 0.0095433
0.944 0.97527 0.743588 0.0083093
0.943 0.975083 0.743398 0.00718083
0.942 0.9749 0.743236 0.00615342
0.941 0.974718 0.743097 0.00522298
0.94 0.974537 0.742978 0.0043854
0.939 0.974358 0.742879 0.00363645
0.938 0.97418 0.742797 0.00297213
0.937 0.974001 0.74273 0.00238834
0.936 0.973824 0.742676 0.00188093
0.935 0.973647 0.742633 0.00144577
0.934 0.973469 0.7426 0.0010786
0.933 0.97329 0.742575 0.000775037
0.932 0.973108 0.742556 0.000530542
0.931 0.97292 0.742542 0.00034032
0.93 0.972726 0.742532 0.00019925
0.929 0.972518 0.742524 0.000101747
0.928 0.972283 0.742518 4.15215e-05
0.927 0.971985 0.742512 1.11689e-05
0.926 0.971472 0.742505 1.29822e-06
0.925 0.970005 0.74248 1.02689e-07
0.924 0.966737 0.742335 3.40325e-08
0.923 0.962187 0.741878 2.15897e-08
0.922 0.956872 0.740942 1.67532e-08
0.921 0.951067 0.739409 1.41525e-08
0.92 0.944948 0.737211 1.24941e-08
0.919 0.938637 0.734313 1.13204e-08
0.918 0.932219 0.730709 1.04292e-08
0.917 0.925753 0.726411 9.71757e-09
0.916 0.919283 0.721442 9.12767e-09
0.915 0.912835 0.715828 8.62434e-09
0.914 0.906428 0.7096 8.18506e-09
0.913 0.900076 0.702789 7.79468e-09
0.912 0.893783 0.695425 7.44262e-09
0.911 0.887556 0.687536 7.12128e-09
0.91 0.881395 0.679146 6.82501e-09
0.909 0.875301 0.67028 6.54953e-09
0.908 0.869274 0.660965 6.29158e-09
0.907 0.863314 0.651218 6.04854e-09
0.906 0.857419 0.641062 5.81836e-09
0.905 0.851588 0.630516 5.59939e-09
0.904 0.84582 0.619599 5.39024e-09
0.903 0.838403 0.600779 5.10396e-09
0.902 0.828574 0.568739 4.69974e-09
0.901 0.819245 0.5357 4.31929e-09
0.9 0.812186 0.508826 4.02541e-09
