1 1 1 1
0.999 0.998313 0.965122 0.691955
0.998 0.996846 0.931392 0.534674
0.997 0.995523 0.904543 0.438435
0.996 0.994302 0.882271 0.369425
0.995 0.993161 0.863394 0.316375
0.994 0.992086 0.847173 0.273915
0.993 0.991066 0.833103 0.239008
0.992 0.990095 0.820814 0.209758
0.991 0.989166 0.810024 0.184894
0.99 0.988275 0.800513 0.163524
0.989 0.987415 0.792104 0.144994
0.988 0.986585 0.784652 0.128814
0.987 0.985781 0.778035 0.114605
0.986 0.985 0.772152 0.102068
0.985 0.984241 0.766918 0.0909634
0.984 0.9835 0.762257 0.0810962
0.983 0.982777 0.758105 0.0723048
0.982 0.98207 0.754408 0.0644553
0.981 0.981376 0.751116 0.0574354
0.98 0.980695 0.748185 0.0511493
0.979 0.980025 0.745578 0.0455153
0.978 0.979364 0.743261 0.0404625
0.977 0.978713 0.741203 0.0359294
0.976 0.978069 0.739378 0.0318625
0.975 0.977433 0.737761 0.0282143
0.974 0.976804 0.736332 0.0249431
0.973 0.976179 0.735069 0.0220119
0.972 0.97556 0.733955 0.0193874
0.971 0.974945 0.732975 0.0170401
0.97 0.974333 0.732114 0.0149432
0.969 0.973725 0.731359 0.0130727
0.968 0.97312 0.730698 0.0114067
0.967 0.972517 0.730122 0.00992572
0.966 0.971917 0.72962 0.00861169
0.965 0.971318 0.729184 0.00744838
0.964 0.97072 0.728805 0.00642093
0.963 0.970123 0.728477 0.00551582
0.962 0.969528 0.728195 0.00472069
0.961 0.968932 0.727951 0.00402427
0.96 0.968338 0.727742 0.00341628
0.959 0.967742 0.727562 0.00288732
0.958 0.967146 0.727407 0.00242882
0.957 0.966549 0.727274 0.00203298
0.956 0.96595 0.727159 0.00169269
0.955 0.96535 0.72706 0.00140148
0.954 0.964748 0.726975 0.0011535
0.953 0.96411 0.726902 0.000958155
0.952 0.963236 0.72685 0.000885661
0.951 0.962361 0.726799 0.000818345
0.95 0.961486 0.726749 0.00075586
0.949 0.96061 0.726701 0.000697882
0.948 0.959732 0.726653 0.000644105
0.947 0.958852 0.726606 0.000594244
0.946 0.957971 0.726559 0.000548033
0.945 0.95709 0.726513 0.000505222
0.944 0.956206 0.726466 0.000465575
0.943 0.955322 0.726421 0.000428874
0.942 0.954436 0.726375 0.000394913
0.941 0.953548 0.726328 0.000363501
0.94 0.952658 0.726281 0.000334458
0.939 0.951766 0.726234 0.000307618
0.938 0.950871 0.726185 0.000282822
0.937 0.949975 0.726136 0.000259926
0.936 0.949077 0.726087 0.000238793
0.935 0.948176 0.726036 0.000219295
0.934 0.947272 0.725984 0.000201313
0.933 0.946366 0.725931 0.000184737
0.932 0.945457 0.725876 0.000169463
0.931 0.944544 0.72582 0.000155395
0.93 0.943629 0.725762 0.000142444
0.929 0.942711 0.725703 0.000130527
0.928 0.941788 0.725641 0.000119564
0.927 0.94099 0.725582 0.000109892
0.926 0.940412 0.725529 0.00010156
0.925 0.939832 0.725476 9.37491e-05
0.924 0.939249 0.72542 8.64354e-05
0.923 0.938663 0.725363 7.95942e-05
0.922 0.938073 0.725305 7.3202e-05
0.921 0.937481 0.725245 6.72364e-05
0.92 0.936886 0.725185 6.16754e-05
0.919 0.936286 0.725122 5.64978e-05
0.918 0.935683 0.725058 5.16834e-05
0.917 0.935075 0.724991 4.72123e-05
0.916 0.934463 0.724923 4.30658e-05
0.915 0.934028 0.724874 3.37654e-05
0.914 0.933694 0.724822 3.13398e-05
0.913 0.933358 0.724769 2.9028e-05
0.912 0.933019 0.724716 2.68281e-05
0.911 0.932677 0.724662 2.47377e-05
0.91 0.932331 0.724607 2.27548e-05
0.909 0.931982 0.724551 2.08771e-05
0.908 0.931628 0.724495 1.91023e-05
0.907 0.931271 0.724438 1.74282e-05
0.906 0.930907 0.72438 1.58524e-05
0.905 0.930537 0.72432 1.43726e-05
0.904 0.930162 0.72426 1.29863e-05
0.903 0.929654 0.724216 1.29939e-05
0.902 0.928449 0.724269 2.51154e-05
0.901 0.927339 0.724304 4.96347e-05
0.9 0.926957 0.724284 5.43348e-05
