1 1 1 1
0.999 0.998321 0.963022 0.675805
0.998 0.99687 0.929954 0.52587
0.997 0.995559 0.903516 0.432309
0.996 0.994347 0.881543 0.364745
0.995 0.993213 0.8629 0.312613
0.994 0.992144 0.84687 0.27079
0.993 0.991131 0.832959 0.236352
0.992 0.990165 0.820807 0.207462
0.991 0.98924 0.810136 0.182884
0.99 0.988353 0.800729 0.161746
0.989 0.987498 0.792412 0.143409
0.988 0.986671 0.785041 0.127391
0.987 0.98587 0.778498 0.113321
0.986 0.985092 0.772682 0.100905
0.985 0.984336 0.767508 0.089906
0.984 0.983598 0.762902 0.0801319
0.983 0.982877 0.7588 0.0714237
0.982 0.982172 0.755148 0.0636491
0.981 0.98148 0.751898 0.0566967
0.98 0.980801 0.749005 0.0504719
0.979 0.980132 0.746433 0.0448938
0.978 0.979473 0.744147 0.0398922
0.977 0.978824 0.74212 0.035406
0.976 0.978181 0.740321 0.0313823
0.975 0.977546 0.738729 0.0277742
0.974 0.976917 0.737322 0.0245401
0.973 0.976293 0.736079 0.0216432
0.972 0.975675 0.734984 0.0190505
0.971 0.97506 0.734021 0.0167327
0.97 0.97445 0.733175 0.0146632
0.969 0.973843 0.732435 0.012818
0.968 0.973239 0.731787 0.0111757
0.967 0.972636 0.731222 0.00971655
0.966 0.972036 0.730731 0.00842277
0.965 0.971438 0.730304 0.00727818
0.964 0.970841 0.729934 0.00626803
0.963 0.970244 0.729614 0.00537887
0.962 0.969648 0.729338 0.00459842
0.961 0.969054 0.729101 0.00391548
0.96 0.968458 0.728897 0.00331984
0.959 0.967863 0.728721 0.00280215
0.958 0.967266 0.72857 0.00235393
0.957 0.966669 0.728441 0.00196741
0.956 0.966071 0.72833 0.00163555
0.955 0.965471 0.728234 0.00135193
0.954 0.964809 0.728155 0.00114057
0.953 0.963937 0.728099 0.00105505
0.952 0.963064 0.728045 0.000975575
0.951 0.962191 0.727993 0.000901754
0.95 0.961316 0.727941 0.000833205
0.949 0.960441 0.727892 0.000769577
0.948 0.959564 0.727843 0.000710538
0.947 0.958686 0.727795 0.000655778
0.946 0.957807 0.727748 0.000605006
0.945 0.956927 0.727701 0.000557951
0.944 0.956046 0.727655 0.000514357
0.943 0.955163 0.727608 0.000473986
0.942 0.954278 0.727562 0.000436615
0.941 0.953393 0.727516 0.000402035
0.94 0.952505 0.72747 0.00037005
0.939 0.951616 0.727423 0.000340478
0.938 0.950723 0.727375 0.000313148
0.937 0.94983 0.727328 0.000287901
0.936 0.948935 0.727279 0.000264588
0.935 0.948037 0.72723 0.00024307
0.934 0.947136 0.727179 0.000223217
0.933 0.946232 0.727127 0.000204908
0.932 0.945328 0.727075 0.000188031
0.931 0.944418 0.72702 0.000172479
0.93 0.943507 0.726965 0.000158156
0.929 0.942592 0.726907 0.000144971
0.928 0.941674 0.726848 0.000132837
0.927 0.940752 0.726787 0.000121676
0.926 0.940177 0.726737 0.000112512
0.925 0.939599 0.726684 0.00010392
0.924 0.93902 0.726631 9.58701e-05
0.923 0.938439 0.726577 8.83357e-05
0.922 0.937854 0.726521 8.12914e-05
0.921 0.937265 0.726463 7.47127e-05
0.92 0.936675 0.726405 6.85763e-05
0.919 0.93608 0.726344 6.2859e-05
0.918 0.935482 0.726283 5.75389e-05
0.917 0.93488 0.726219 5.25949e-05
0.916 0.934273 0.726154 4.80063e-05
0.915 0.933685 0.726091 4.16234e-05
0.914 0.933334 0.726046 3.43157e-05
0.913 0.933001 0.725995 3.18182e-05
0.912 0.932665 0.725943 2.94395e-05
0.911 0.932327 0.72589 2.71772e-05
0.91 0.931987 0.725838 2.50292e-05
0.909 0.931643 0.725784 2.29931e-05
0.908 0.931294 0.725729 2.10666e-05
0.907 0.930941 0.725673 1.92472e-05
0.906 0.930584 0.725618 1.75327e-05
0.905 0.930221 0.72556 1.59205e-05
0.904 0.929853 0.725503 1.44082e-05
0.903 0.929478 0.725444 1.29932e-05
0.902 0.928869 0.725416 1.40291e-05
0.901 0.927674 0.72547 2.60942e-05
0.9 0.926567 0.725507 4.94494e-05
