1 1 1 1
0.999 0.998783 0.979618 0.801342
0.998 0.997696 0.962426 0.702415
0.997 0.996691 0.947219 0.631102
0.996 0.995747 0.933511 0.574538
0.995 0.994856 0.921018 0.527478
0.994 0.99401 0.909546 0.487166
0.993 0.993204 0.898956 0.451941
0.992 0.992434 0.889139 0.420711
0.991 0.991697 0.88001 0.392715
0.99 0.990989 0.871497 0.367398
0.989 0.99031 0.863543 0.344339
0.988 0.989657 0.856097 0.323212
0.987 0.989028 0.849116 0.30376
0.986 0.988422 0.842565 0.285772
0.985 0.987838 0.83641 0.269077
0.984 0.987274 0.830621 0.253533
0.983 0.986729 0.825175 0.239019
0.982 0.986202 0.820047 0.225436
0.981 0.985693 0.815216 0.212692
0.98 0.985199 0.810665 0.200714
0.979 0.984721 0.806375 0.189438
0.978 0.984258 0.802332 0.178804
0.977 0.983809 0.79852 0.168762
0.976 0.983373 0.794927 0.159268
0.975 0.98295 0.79154 0.150282
0.974 0.982538 0.788349 0.141767
0.973 0.982137 0.785342 0.133693
0.972 0.981749 0.782509 0.126031
0.971 0.981369 0.779842 0.118755
0.97 0.981 0.777332 0.111842
0.969 0.980639 0.774971 0.105271
0.968 0.980289 0.772751 0.0990215
0.967 0.979946 0.770665 0.0930761
0.966 0.979613 0.768707 0.087418
0.965 0.979287 0.76687 0.0820329
0.964 0.978968 0.765148 0.0769073
0.963 0.978657 0.763536 0.0720275
0.962 0.978351 0.762027 0.067383
0.961 0.978053 0.760618 0.0629621
0.96 0.97776 0.759303 0.0587551
0.959 0.977474 0.758077 0.0547525
0.958 0.977192 0.756936 0.0509466
0.957 0.976917 0.755877 0.0473279
0.956 0.976646 0.754893 0.0438901
0.955 0.976379 0.753982 0.0406261
0.954 0.976117 0.75314 0.0375283
0.953 0.975859 0.752363 0.0345917
0.952 0.975605 0.751649 0.0318098
0.951 0.975356 0.750993 0.029177
0.95 0.975109 0.750392 0.0266889
0.949 0.974866 0.749843 0.0243399
0.948 0.974627 0.749343 0.0221256
0.947 0.97439 0.74889 0.0200418
0.946 0.974156 0.74848 0.0180845
0.945 0.973925 0.748111 0.0162491
0.944 0.973696 0.74778 0.0145322
0.943 0.973471 0.747485 0.01293
0.942 0.973248 0.747223 0.0114392
0.941 0.973026 0.746991 0.0100564
0.94 0.972807 0.746788 0.0087781
0.939 0.972589 0.746612 0.00760131
0.938 0.972374 0.746459 0.00652289
0.937 0.97216 0.746329 0.00553984
0.936 0.971948 0.746218 0.0046491
0.935 0.971736 0.746126 0.00384773
0.934 0.971526 0.74605 0.00313277
0.933 0.971317 0.745988 0.00250121
0.932 0.971107 0.745938 0.00195005
0.931 0.970899 0.7459 0.00147612
0.93 0.97069 0.745871 0.00107624
0.929 0.970479 0.745849 0.000746968
0.928 0.970265 0.745834 0.000484635
0.927 0.970047 0.745824 0.000285173
0.926 0.96982 0.745817 0.000143931
0.925 0.969572 0.745812 5.52694e-05
0.924 0.969272 0.745808 1.16296e-05
0.923 0.968564 0.745926 6.88189e-07
0.922 0.967164 0.746174 1.92665e-07
0.921 0.964419 0.746084 4.24886e-08
0.92 0.960184 0.745741 2.39777e-08
0.919 0.95506 0.744962 1.78484e-08
0.918 0.949379 0.743616 1.47884e-08
0.917 0.943338 0.741622 1.29173e-08
0.916 0.937071 0.738933 1.1628e-08
0.915 0.930673 0.735537 1.06671e-08
0.914 0.924211 0.73144 9.91021e-09
0.913 0.917733 0.726662 9.28914e-09
0.912 0.91127 0.72123 8.76344e-09
0.911 0.904843 0.715173 8.30751e-09
0.91 0.898467 0.708523 7.90439e-09
0.909 0.892149 0.701308 7.54234e-09
0.908 0.885895 0.693559 7.21301e-09
0.907 0.879706 0.6853 6.91023e-09
0.906 0.873585 0.676558 6.62938e-09
0.905 0.867531 0.667355 6.36692e-09
0.904 0.861544 0.657717 6.12009e-09
0.903 0.855622 0.64766 5.88667e-09
0.902 0.849765 0.637207 5.66488e-09
0.901 0.843972 0.626377 5.4533e-09
0.9 0.838239 0.615185 5.25072e-09
