1 1 1 1
0.999 0.998335 0.960668 0.657819
0.998 0.996902 0.928351 0.515711
0.997 0.995604 0.90239 0.425164
0.996 0.994403 0.880768 0.359256
0.995 0.993278 0.862399 0.308185
0.994 0.992217 0.846594 0.267102
0.993 0.99121 0.832872 0.23321
0.992 0.990251 0.820881 0.204742
0.991 0.989332 0.81035 0.180498
0.99 0.98845 0.801066 0.159633
0.989 0.987599 0.792859 0.141523
0.988 0.986777 0.785586 0.125697
0.987 0.985979 0.779131 0.111791
0.986 0.985206 0.773394 0.0995178
0.985 0.984452 0.768291 0.0886446
0.984 0.983717 0.76375 0.0789813
0.983 0.982999 0.759708 0.0703719
0.982 0.982297 0.756111 0.0626859
0.981 0.981608 0.75291 0.0558137
0.98 0.98093 0.750063 0.049662
0.979 0.980263 0.747532 0.0441504
0.978 0.979607 0.745286 0.0392096
0.977 0.978958 0.743292 0.0347798
0.976 0.978318 0.741526 0.0308079
0.975 0.977684 0.739964 0.0272476
0.974 0.977056 0.738583 0.0240578
0.973 0.976435 0.737365 0.0212018
0.972 0.975816 0.736292 0.0186473
0.971 0.975203 0.73535 0.0163648
0.97 0.974593 0.734523 0.0143282
0.969 0.973987 0.7338 0.0125135
0.968 0.973382 0.733167 0.0108995
0.967 0.972781 0.732616 0.00946658
0.966 0.972181 0.732137 0.0081971
0.965 0.971583 0.731721 0.00707499
0.964 0.970987 0.731362 0.00608559
0.963 0.97039 0.731051 0.00521558
0.962 0.969795 0.730783 0.00445274
0.961 0.969201 0.730553 0.00378596
0.96 0.968605 0.730355 0.00320511
0.959 0.96801 0.730185 0.00270094
0.958 0.967413 0.730039 0.00226501
0.957 0.966816 0.729914 0.00188965
0.956 0.966021 0.729831 0.00170017
0.955 0.965152 0.729762 0.0015755
0.954 0.964282 0.729696 0.00145945
0.953 0.963412 0.729633 0.00135147
0.952 0.962542 0.729573 0.00125102
0.951 0.961671 0.729514 0.00115761
0.95 0.960799 0.729459 0.00107079
0.949 0.959926 0.729404 0.000990104
0.948 0.959053 0.729352 0.00091516
0.947 0.958178 0.729301 0.00084557
0.946 0.957303 0.729251 0.000780976
0.945 0.956426 0.729202 0.000721043
0.944 0.955548 0.729154 0.000665455
0.943 0.954669 0.729107 0.000613917
0.942 0.95379 0.729061 0.000566153
0.941 0.952908 0.729014 0.000521903
0.94 0.952026 0.728968 0.000480926
0.939 0.951141 0.728922 0.000442994
0.938 0.950256 0.728876 0.000407896
0.937 0.949368 0.728829 0.000375433
0.936 0.948479 0.728783 0.00034542
0.935 0.947588 0.728736 0.000317683
0.934 0.946694 0.728688 0.00029206
0.933 0.945798 0.72864 0.000268401
0.932 0.944901 0.728591 0.000246564
0.931 0.944001 0.728541 0.000226417
0.93 0.943098 0.728489 0.000207838
0.929 0.942193 0.728436 0.000190712
0.928 0.941285 0.728383 0.000174932
0.927 0.940373 0.728327 0.000160399
0.926 0.939459 0.728271 0.00014702
0.925 0.93881 0.72822 0.000135735
0.924 0.938239 0.728171 0.000125467
0.923 0.937667 0.728122 0.000115839
0.922 0.937091 0.728071 0.000106819
0.921 0.936514 0.728019 9.83792e-05
0.92 0.935934 0.727966 9.049e-05
0.919 0.935352 0.727912 8.31243e-05
0.918 0.934765 0.727856 7.62552e-05
0.917 0.934176 0.727799 6.98574e-05
0.916 0.933585 0.727741 6.39058e-05
0.915 0.932988 0.727681 5.83766e-05
0.914 0.932387 0.727619 5.32466e-05
0.913 0.93181 0.72756 4.54619e-05
0.912 0.931464 0.727517 3.73521e-05
0.911 0.931135 0.727468 3.46101e-05
0.91 0.930805 0.72742 3.19992e-05
0.909 0.930472 0.727369 2.95169e-05
0.908 0.930136 0.727319 2.71607e-05
0.907 0.929797 0.727268 2.4928e-05
0.906 0.929452 0.727216 2.28163e-05
0.905 0.929106 0.727163 2.08231e-05
0.904 0.928754 0.72711 1.89455e-05
0.903 0.928397 0.727056 1.7181e-05
0.902 0.928034 0.727 1.55267e-05
0.901 0.927666 0.726945 1.398e-05
0.9 0.927291 0.726887 1.2519e-05
