1 1 1 1
0.999 0.99844 0.961265 0.652339
0.998 0.997077 0.932155 0.524516
0.997 0.995824 0.908283 0.439724
0.996 0.994652 0.888096 0.376653
0.995 0.993546 0.870724 0.327011
0.994 0.992494 0.855603 0.286569
0.993 0.99149 0.842332 0.252842
0.992 0.990527 0.830615 0.22423
0.991 0.9896 0.820221 0.19964
0.99 0.988706 0.810968 0.178292
0.989 0.98784 0.802708 0.159605
0.988 0.987 0.795318 0.14314
0.987 0.986184 0.788695 0.128554
0.986 0.985386 0.782752 0.115573
0.985 0.98461 0.777413 0.10398
0.984 0.98385 0.772614 0.0935919
0.983 0.983106 0.768299 0.0842597
0.982 0.982378 0.764419 0.0758569
0.981 0.981661 0.760929 0.0682781
0.98 0.980957 0.757791 0.0614325
0.979 0.980263 0.754971 0.0552425
0.978 0.979579 0.752438 0.0496403
0.977 0.978904 0.750165 0.0445673
0.976 0.978237 0.748127 0.0399722
0.975 0.977577 0.746301 0.0358097
0.974 0.976923 0.744667 0.032039
0.973 0.976276 0.743207 0.0286243
0.972 0.975633 0.741904 0.0255337
0.971 0.974995 0.740742 0.0227381
0.97 0.974362 0.73971 0.0202113
0.969 0.973732 0.738792 0.0179299
0.968 0.973105 0.737979 0.0158723
0.967 0.972481 0.737259 0.0140192
0.966 0.97186 0.736624 0.0123525
0.965 0.971241 0.736064 0.0108561
0.964 0.970624 0.735572 0.00951488
0.963 0.970009 0.73514 0.00831525
0.962 0.969395 0.734762 0.00724454
0.961 0.968783 0.734433 0.0062911
0.96 0.96817 0.734145 0.00544428
0.959 0.967559 0.733896 0.00469415
0.958 0.966948 0.733679 0.00403164
0.957 0.966337 0.733492 0.00344835
0.956 0.965727 0.733331 0.00293653
0.955 0.965116 0.733191 0.00248905
0.954 0.964503 0.733069 0.00209934
0.953 0.96389 0.732965 0.00176134
0.952 0.963276 0.732875 0.00146951
0.951 0.96266 0.732797 0.00121874
0.95 0.962042 0.732729 0.00100437
0.949 0.961421 0.732669 0.000822115
0.948 0.960797 0.732615 0.000668092
0.947 0.96017 0.732567 0.000538761
0.946 0.959538 0.732524 0.000430912
0.945 0.958899 0.732482 0.000341648
0.944 0.958255 0.732443 0.000268362
0.943 0.957602 0.732405 0.000208718
0.942 0.95694 0.732366 0.000160633
0.941 0.956266 0.732327 0.000122264
0.94 0.955578 0.732285 9.19857e-05
0.939 0.954873 0.732241 6.83761e-05
0.938 0.954148 0.732194 5.02028e-05
0.937 0.953397 0.732141 3.64062e-05
0.936 0.952614 0.732082 2.6085e-05
0.935 0.951794 0.732015 1.8482e-05
0.934 0.950927 0.731937 1.29695e-05
0.933 0.950002 0.731847 9.03579e-06
0.932 0.949006 0.73174 6.27144e-06
0.931 0.947925 0.731611 4.35553e-06
0.93 0.946745 0.731455 3.04261e-06
0.929 0.94545 0.731263 2.14975e-06
0.928 0.944022 0.731025 1.54437e-06
0.927 0.942449 0.730727 1.13295e-06
0.926 0.94072 0.730355 8.51169e-07
0.925 0.938832 0.72989 6.55736e-07
0.924 0.936781 0.729313 5.17934e-07
0.923 0.934571 0.728603 4.18889e-07
0.922 0.932209 0.727738 3.46218e-07
0.921 0.929709 0.7267 2.91764e-07
0.92 0.927078 0.725466 2.5011e-07
0.919 0.924332 0.724023 2.1761e-07
0.918 0.921485 0.722354 1.91778e-07
0.917 0.918549 0.720449 1.70891e-07
0.916 0.915536 0.718296 1.53735e-07
0.915 0.912457 0.715889 1.39438e-07
0.914 0.909322 0.713223 1.27369e-07
0.913 0.906141 0.710294 1.1706e-07
0.912 0.902919 0.707097 1.08159e-07
0.911 0.899665 0.703635 1.004e-07
0.91 0.896382 0.699904 9.35758e-08
0.909 0.893077 0.695906 8.75272e-08
0.908 0.889751 0.691641 8.21265e-08
0.907 0.88641 0.687111 7.72727e-08
0.906 0.883056 0.682317 7.28841e-08
0.905 0.879691 0.677261 6.88941e-08
0.904 0.876318 0.671945 6.52485e-08
0.903 0.872938 0.666371 6.19016e-08
0.902 0.869553 0.660543 5.88162e-08
0.901 0.866164 0.654463 5.59605e-08
0.9 0.862773 0.648134 5.33078e-08
