1 1 1 1
0.999 0.997943 0.954682 0.62162
0.998 0.996124 0.921605 0.489362
0.997 0.994432 0.894963 0.403988
0.996 0.992832 0.872737 0.34192
0.995 0.991305 0.853813 0.294045
0.994 0.989838 0.837481 0.255743
0.993 0.988423 0.823243 0.224322
0.992 0.987052 0.810736 0.198068
0.991 0.985721 0.799683 0.175819
0.99 0.984423 0.789867 0.156749
0.989 0.983157 0.781114 0.140257
0.988 0.981918 0.773282 0.125884
0.987 0.980704 0.766252 0.113281
0.986 0.979513 0.759929 0.102169
0.985 0.978343 0.754228 0.0923256
0.984 0.977191 0.749078 0.0835712
0.983 0.976057 0.744419 0.0757576
0.982 0.974938 0.740198 0.0687623
0.981 0.973834 0.736369 0.0624825
0.98 0.972743 0.732892 0.0568319
0.979 0.971663 0.729731 0.0517366
0.978 0.970594 0.726854 0.0471336
0.977 0.969535 0.724236 0.0429683
0.976 0.968486 0.72185 0.0391937
0.975 0.967444 0.719675 0.0357687
0.974 0.966409 0.717691 0.0326572
0.973 0.965381 0.715879 0.0298278
0.972 0.96436 0.714226 0.0272524
0.971 0.963345 0.712716 0.0249063
0.97 0.962333 0.711336 0.0227677
0.969 0.961327 0.710074 0.0208168
0.968 0.960326 0.708922 0.0190362
0.967 0.959328 0.707866 0.0174103
0.966 0.958334 0.706901 0.015925
0.965 0.957342 0.706017 0.0145675
0.964 0.956354 0.705208 0.0133266
0.963 0.955368 0.704468 0.0121918
0.962 0.954385 0.703789 0.0111538
0.961 0.953403 0.703167 0.0102042
0.96 0.952422 0.702596 0.00933525
0.959 0.951444 0.702073 0.00854008
0.958 0.950467 0.701593 0.0078123
0.957 0.949492 0.701153 0.00714616
0.956 0.948516 0.700747 0.00653639
0.955 0.947543 0.700376 0.00597822
0.954 0.946569 0.700033 0.00546724
0.953 0.945597 0.699718 0.0049995
0.952 0.944625 0.699428 0.00457132
0.951 0.943653 0.69916 0.00417939
0.95 0.942681 0.698912 0.00382064
0.949 0.941709 0.698682 0.00349228
0.948 0.940737 0.69847 0.00319178
0.947 0.939766 0.698274 0.00291678
0.946 0.938793 0.69809 0.00266514
0.945 0.937821 0.69792 0.0024349
0.944 0.936848 0.69776 0.00222427
0.943 0.935874 0.697611 0.0020316
0.942 0.9349 0.697471 0.00185538
0.941 0.933925 0.697338 0.00169422
0.94 0.932949 0.697213 0.00154686
0.939 0.931973 0.697095 0.00141213
0.938 0.930995 0.696982 0.00128897
0.937 0.930015 0.696873 0.0011764
0.936 0.929035 0.696769 0.00107353
0.935 0.928054 0.69667 0.000979533
0.934 0.92707 0.696572 0.000893658
0.933 0.926086 0.696478 0.000815217
0.932 0.925099 0.696384 0.000743575
0.931 0.924112 0.696294 0.000678156
0.93 0.923122 0.696204 0.000618426
0.929 0.92213 0.696115 0.0005639
0.928 0.921136 0.696025 0.000514132
0.927 0.920141 0.695937 0.000468715
0.926 0.919142 0.695848 0.000427273
0.925 0.918141 0.695757 0.000389466
0.924 0.917138 0.695666 0.000354979
0.923 0.916132 0.695573 0.000323525
0.922 0.915122 0.695479 0.000294842
0.921 0.914111 0.695382 0.00026869
0.92 0.913095 0.695283 0.000244848
0.919 0.912076 0.695181 0.000223115
0.918 0.911055 0.695077 0.000203309
0.917 0.910029 0.694969 0.000185258
0.916 0.908999 0.694856 0.000168812
0.915 0.907966 0.694741 0.000153827
0.914 0.906928 0.694621 0.000140177
0.913 0.905885 0.694497 0.000127743
0.912 0.904839 0.694368 0.000116419
0.911 0.903786 0.694232 0.000106105
0.91 0.902729 0.694092 9.67138e-05
0.909 0.901667 0.693946 8.81621e-05
0.908 0.900599 0.693794 8.03758e-05
0.907 0.899526 0.693635 7.32868e-05
0.906 0.898446 0.69347 6.68329e-05
0.905 0.89736 0.693296 6.09574e-05
0.904 0.896268 0.693116 5.56087e-05
0.903 0.895169 0.692926 5.07396e-05
0.902 0.894063 0.692729 4.63071e-05
0.901 0.892949 0.692522 4.2272e-05
0.9 0.891827 0.692305 3.85987e-05
