1 1 1 1
0.999 0.998403 0.959415 0.642246
0.998 0.997018 0.929222 0.51241
0.997 0.995752 0.904637 0.426822
0.996 0.994573 0.883975 0.363495
0.995 0.993464 0.866294 0.313886
0.994 0.992414 0.850984 0.273649
0.993 0.991413 0.837616 0.24023
0.992 0.990456 0.825872 0.211992
0.991 0.989537 0.815507 0.187818
0.99 0.988653 0.806324 0.166911
0.989 0.987798 0.798166 0.148681
0.988 0.986971 0.790903 0.13268
0.987 0.986165 0.784427 0.118558
0.986 0.985383 0.778644 0.106042
0.985 0.98462 0.773476 0.0949079
0.984 0.983875 0.768855 0.0849719
0.983 0.983147 0.764722 0.0760819
0.982 0.982432 0.761025 0.0681125
0.981 0.981732 0.75772 0.0609555
0.98 0.981043 0.754764 0.054521
0.979 0.980364 0.752124 0.04873
0.978 0.979695 0.749767 0.0435147
0.977 0.979036 0.747665 0.0388163
0.976 0.978382 0.745791 0.0345833
0.975 0.977737 0.744125 0.0307693
0.974 0.977098 0.742644 0.0273345
0.973 0.976464 0.741329 0.0242426
0.972 0.975835 0.740164 0.0214614
0.971 0.97521 0.739134 0.0189619
0.97 0.974589 0.738224 0.0167181
0.969 0.973972 0.737423 0.0147064
0.968 0.973357 0.736718 0.0129053
0.967 0.972745 0.736099 0.0112955
0.966 0.972136 0.735558 0.00985927
0.965 0.971528 0.735085 0.00858044
0.964 0.970922 0.734673 0.00744424
0.963 0.970316 0.734314 0.00643716
0.962 0.969713 0.734004 0.0055468
0.961 0.969109 0.733734 0.00476183
0.96 0.968506 0.733502 0.00407183
0.959 0.967903 0.733301 0.00346725
0.958 0.9673 0.733129 0.00293935
0.957 0.966696 0.73298 0.00248009
0.956 0.966093 0.732853 0.00208214
0.955 0.965487 0.732742 0.00173877
0.954 0.964879 0.732647 0.00144384
0.953 0.964271 0.732565 0.00119176
0.952 0.963659 0.732493 0.000977419
0.951 0.963045 0.73243 0.000796199
0.95 0.962427 0.732373 0.000643905
0.949 0.961805 0.732322 0.000516751
0.948 0.961177 0.732275 0.000411327
0.947 0.960544 0.73223 0.000324578
0.946 0.959902 0.732188 0.000253775
0.945 0.959252 0.732145 0.000196492
0.944 0.958591 0.732103 0.000150583
0.943 0.957917 0.732058 0.000114165
0.942 0.957228 0.732012 8.55918e-05
0.941 0.956518 0.731961 6.3436e-05
0.94 0.955786 0.731906 4.64723e-05
0.939 0.955025 0.731844 3.3657e-05
0.938 0.95423 0.731775 2.41114e-05
0.937 0.953393 0.731696 1.71046e-05
0.936 0.952504 0.731605 1.20371e-05
0.935 0.951551 0.731497 8.42537e-06
0.934 0.950523 0.73137 5.88617e-06
0.933 0.949403 0.731217 4.12226e-06
0.932 0.948178 0.731031 2.90822e-06
0.931 0.94683 0.730803 2.0773e-06
0.93 0.945345 0.73052 1.50923e-06
0.929 0.943712 0.73017 1.11937e-06
0.928 0.941918 0.729734 8.49496e-07
0.927 0.939963 0.729193 6.60247e-07
0.926 0.937843 0.728527 5.25359e-07
0.925 0.935565 0.727714 4.2742e-07
0.924 0.933136 0.726732 3.54894e-07
0.923 0.930567 0.72556 3.00101e-07
0.922 0.92787 0.724178 2.57886e-07
0.921 0.925059 0.722571 2.24745e-07
0.92 0.922147 0.720724 1.98266e-07
0.919 0.919146 0.718622 1.7676e-07
0.918 0.91607 0.71626 1.5903e-07
0.917 0.912929 0.713628 1.44211e-07
0.916 0.90973 0.71072 1.31668e-07
0.915 0.906486 0.707535 1.20932e-07
0.914 0.903201 0.704067 1.11647e-07
0.913 0.899882 0.700318 1.03542e-07
0.912 0.896534 0.696283 9.64058e-08
0.911 0.893163 0.691966 9.00748e-08
0.91 0.889772 0.687367 8.44183e-08
0.909 0.886363 0.682486 7.93317e-08
0.908 0.882942 0.677325 7.4731e-08
0.907 0.879509 0.671887 7.05471e-08
0.906 0.876067 0.666173 6.67233e-08
0.905 0.872616 0.660184 6.32128e-08
0.904 0.869161 0.653927 5.99764e-08
0.903 0.865702 0.6474 5.69809e-08
0.902 0.862239 0.640608 5.41985e-08
0.901 0.858774 0.633554 5.16054e-08
0.9 0.855316 0.626278 4.91897e-08
