1 1 1 1
0.999 0.998718 0.977429 0.784797
0.998 0.99759 0.95866 0.6806
0.997 0.996557 0.942219 0.606223
0.996 0.995596 0.927521 0.547673
0.995 0.994696 0.914225 0.499276
0.994 0.993848 0.9021 0.458065
0.993 0.993046 0.890979 0.422249
0.992 0.992285 0.880735 0.390659
0.991 0.991562 0.871266 0.362478
0.99 0.990872 0.862489 0.337115
0.989 0.990215 0.854336 0.314117
0.988 0.989587 0.846747 0.293141
0.987 0.988986 0.839675 0.273911
0.986 0.988411 0.833074 0.256205
0.985 0.98786 0.826908 0.239841
0.984 0.987331 0.821143 0.22467
0.983 0.986823 0.81575 0.210565
0.982 0.986335 0.810702 0.197416
0.981 0.985867 0.805975 0.185136
0.98 0.985415 0.801547 0.173642
0.979 0.98498 0.797399 0.162867
0.978 0.984561 0.793514 0.15275
0.977 0.984158 0.789874 0.14324
0.976 0.983767 0.786465 0.134288
0.975 0.98339 0.783273 0.125855
0.974 0.983026 0.780285 0.117902
0.973 0.982673 0.777488 0.110398
0.972 0.982332 0.774873 0.103312
0.971 0.982001 0.772428 0.0966174
0.97 0.981681 0.770145 0.0902896
0.969 0.981371 0.768013 0.0843066
0.968 0.98107 0.766025 0.078648
0.967 0.980777 0.764172 0.0732961
0.966 0.980493 0.762448 0.0682329
0.965 0.980216 0.760844 0.0634442
0.964 0.979946 0.759355 0.0589149
0.963 0.979684 0.757974 0.0546323
0.962 0.979428 0.756694 0.0505844
0.961 0.979177 0.755511 0.0467598
0.96 0.978934 0.754419 0.043148
0.959 0.978694 0.753412 0.0397397
0.958 0.97846 0.752486 0.0365253
0.957 0.978232 0.751637 0.0334964
0.956 0.978007 0.750858 0.0306455
0.955 0.977788 0.750147 0.0279646
0.954 0.977571 0.749499 0.0254472
0.953 0.977359 0.748911 0.0230862
0.952 0.97715 0.748378 0.0208755
0.951 0.976946 0.747897 0.0188089
0.95 0.976744 0.747464 0.016881
0.949 0.976545 0.747076 0.0150864
0.948 0.976349 0.74673 0.0134198
0.947 0.976155 0.746422 0.0118762
0.946 0.975963 0.746151 0.0104506
0.945 0.975775 0.745913 0.00913865
0.944 0.975589 0.745705 0.0079356
0.943 0.975404 0.745525 0.00683725
0.942 0.975221 0.74537 0.00583919
0.941 0.97504 0.745238 0.00493724
0.94 0.974858 0.745126 0.00412724
0.939 0.97468 0.745033 0.00340499
0.938 0.974501 0.744956 0.00276646
0.937 0.974325 0.744894 0.00220746
0.936 0.974148 0.744844 0.00172387
0.935 0.97397 0.744804 0.00131147
0.934 0.973791 0.744774 0.000965921
0.933 0.973612 0.744751 0.000682758
0.932 0.973427 0.744734 0.000457327
0.931 0.973238 0.744721 0.000284689
0.93 0.97304 0.744712 0.000159535
0.929 0.972823 0.744706 7.60125e-05
0.928 0.972571 0.7447 2.74399e-05
0.927 0.972226 0.744694 5.75557e-06
0.926 0.971505 0.744684 4.61631e-07
0.925 0.969381 0.744634 5.94968e-08
0.924 0.965554 0.744396 2.77332e-08
0.923 0.960675 0.743777 1.94211e-08
0.922 0.955148 0.742629 1.56707e-08
0.921 0.949208 0.740855 1.34981e-08
0.92 0.943005 0.738397 1.20503e-08
0.919 0.936643 0.735235 1.09954e-08
0.918 0.930198 0.731368 1.01778e-08
0.917 0.923724 0.726814 9.51499e-09
0.916 0.917256 0.721596 8.95916e-09
0.915 0.910819 0.715746 8.48063e-09
0.914 0.904429 0.709293 8.05999e-09
0.913 0.898095 0.702267 7.684e-09
0.912 0.891823 0.694697 7.34333e-09
0.911 0.885617 0.686611 7.03114e-09
0.91 0.879479 0.678035 6.74237e-09
0.909 0.873407 0.668991 6.47313e-09
0.908 0.867402 0.659503 6.22041e-09
0.907 0.861463 0.649593 5.98183e-09
0.906 0.85559 0.639281 5.75549e-09
0.905 0.84978 0.628585 5.53983e-09
0.904 0.844032 0.617522 5.33358e-09
0.903 0.834503 0.58863 4.94237e-09
0.902 0.824835 0.555903 4.54608e-09
0.901 0.815515 0.521789 4.16713e-09
0.9 0.80758 0.490676 3.84212e-09
