1 1 1 1
0.999 0.998334 0.960202 0.654803
0.998 0.996905 0.928012 0.513977
0.997 0.995609 0.902133 0.423942
0.996 0.994409 0.88057 0.35832
0.995 0.993285 0.862249 0.307432
0.994 0.992226 0.846481 0.266478
0.993 0.99122 0.832792 0.232682
0.992 0.990261 0.820827 0.204287
0.991 0.989344 0.81032 0.180102
0.99 0.988462 0.801057 0.159285
0.989 0.987612 0.792867 0.141214
0.988 0.986791 0.785611 0.125421
0.987 0.985994 0.77917 0.111544
0.986 0.985221 0.773446 0.0992954
0.985 0.984467 0.768354 0.0884435
0.984 0.983733 0.763823 0.0787991
0.983 0.983016 0.759791 0.0702063
0.982 0.982314 0.756202 0.0625353
0.981 0.981624 0.753009 0.0556767
0.98 0.980947 0.750168 0.0495371
0.979 0.980281 0.747645 0.0440362
0.978 0.979624 0.745403 0.0391057
0.977 0.978977 0.743416 0.0346847
0.976 0.978336 0.741655 0.0307212
0.975 0.977702 0.740096 0.0271686
0.974 0.977075 0.73872 0.0239857
0.973 0.976452 0.737505 0.0211364
0.972 0.975836 0.736437 0.0185877
0.971 0.975221 0.735497 0.0163108
0.97 0.974613 0.734673 0.0142791
0.969 0.974006 0.733952 0.0124692
0.968 0.973402 0.733322 0.0108594
0.967 0.9728 0.732773 0.00943048
0.966 0.972201 0.732295 0.00816465
0.965 0.971602 0.731881 0.00704591
0.964 0.971006 0.731523 0.00605959
0.963 0.97041 0.731214 0.00519239
0.962 0.969815 0.730947 0.00443214
0.961 0.969219 0.730718 0.00376772
0.96 0.968624 0.730521 0.00318902
0.959 0.96803 0.730352 0.0026868
0.958 0.967432 0.730206 0.00225263
0.957 0.966836 0.730082 0.00187886
0.956 0.966053 0.729998 0.0016822
0.955 0.965184 0.729929 0.00155875
0.954 0.964314 0.729864 0.00144385
0.953 0.963443 0.7298 0.00133693
0.952 0.962573 0.729741 0.00123748
0.951 0.961702 0.729683 0.00114502
0.95 0.960829 0.729627 0.00105906
0.949 0.959957 0.729573 0.000979202
0.948 0.959084 0.729521 0.000905024
0.947 0.958209 0.72947 0.00083615
0.946 0.957332 0.72942 0.000772224
0.945 0.956456 0.729372 0.000712916
0.944 0.955579 0.729324 0.00065791
0.943 0.9547 0.729277 0.000606916
0.942 0.953819 0.72923 0.000559658
0.941 0.952938 0.729184 0.000515881
0.94 0.952056 0.729138 0.000475344
0.939 0.951171 0.729092 0.000437822
0.938 0.950285 0.729046 0.000403106
0.937 0.949396 0.728999 0.000370999
0.936 0.948507 0.728953 0.000341316
0.935 0.947615 0.728905 0.000313887
0.934 0.946722 0.728858 0.000288551
0.933 0.945826 0.728809 0.000265158
0.932 0.944928 0.72876 0.000243568
0.931 0.944027 0.728709 0.000223651
0.93 0.943125 0.728658 0.000205285
0.929 0.942219 0.728605 0.000188356
0.928 0.941311 0.728551 0.00017276
0.927 0.940399 0.728496 0.000158396
0.926 0.939483 0.728438 0.000145174
0.925 0.938785 0.728387 0.000133842
0.924 0.938214 0.728338 0.000123725
0.923 0.937641 0.728288 0.000114238
0.922 0.937065 0.728237 0.00010535
0.921 0.936487 0.728184 9.7033e-05
0.92 0.935907 0.728131 8.92585e-05
0.919 0.935323 0.728076 8.19994e-05
0.918 0.934737 0.72802 7.52298e-05
0.917 0.934147 0.727963 6.8924e-05
0.916 0.933554 0.727904 6.30579e-05
0.915 0.932956 0.727843 5.76077e-05
0.914 0.932355 0.727781 5.25508e-05
0.913 0.931749 0.727717 4.78654e-05
0.912 0.931385 0.727676 3.68025e-05
0.911 0.931056 0.727627 3.41088e-05
0.91 0.930725 0.727577 3.15435e-05
0.909 0.93039 0.727526 2.91043e-05
0.908 0.930054 0.727476 2.67887e-05
0.907 0.929713 0.727424 2.45942e-05
0.906 0.929369 0.727372 2.25183e-05
0.905 0.92902 0.727318 2.05584e-05
0.904 0.928668 0.727264 1.87119e-05
0.903 0.92831 0.72721 1.69762e-05
0.902 0.927947 0.727154 1.53486e-05
0.901 0.927577 0.727097 1.38264e-05
0.9 0.9272 0.72704 1.24067e-05
