1 1 1 1
0.999 0.998366 0.957616 0.632772
0.998 0.996961 0.926369 0.500993
0.997 0.995682 0.901104 0.414678
0.996 0.994497 0.879998 0.351146
0.995 0.993386 0.862036 0.301611
0.994 0.992337 0.846565 0.261606
0.993 0.991341 0.833125 0.228516
0.992 0.990391 0.821375 0.200666
0.991 0.989481 0.811055 0.176917
0.99 0.988607 0.801957 0.156454
0.989 0.987763 0.793914 0.138679
0.988 0.986948 0.786789 0.123138
0.987 0.986157 0.780466 0.109477
0.986 0.985387 0.774849 0.0974166
0.985 0.984639 0.769855 0.0867301
0.984 0.983909 0.765413 0.0772323
0.983 0.983196 0.761462 0.0687708
0.982 0.982497 0.757947 0.0612186
0.981 0.981812 0.754822 0.054467
0.98 0.981138 0.752044 0.0484253
0.979 0.980474 0.749578 0.0430142
0.978 0.97982 0.747389 0.0381661
0.977 0.979174 0.74545 0.0338213
0.976 0.978537 0.743733 0.029928
0.975 0.977905 0.742215 0.0264406
0.974 0.977279 0.740876 0.0233183
0.973 0.976658 0.739695 0.0205252
0.972 0.976042 0.738657 0.0180289
0.971 0.97543 0.737746 0.0158006
0.97 0.974821 0.736948 0.0138142
0.969 0.974091 0.736371 0.0124358
0.968 0.973209 0.735986 0.0116279
0.967 0.972328 0.735625 0.0108703
0.966 0.971449 0.735287 0.01016
0.965 0.970572 0.734972 0.00949412
0.964 0.969694 0.734676 0.00886992
0.963 0.968817 0.734399 0.00828487
0.962 0.967942 0.73414 0.0077366
0.961 0.967069 0.733898 0.00722288
0.96 0.966195 0.733671 0.00674161
0.959 0.965321 0.733457 0.00629082
0.958 0.964449 0.733258 0.00586866
0.957 0.963578 0.733072 0.00547338
0.956 0.962706 0.732896 0.00510335
0.955 0.961835 0.732733 0.00475704
0.954 0.960965 0.732579 0.00443298
0.953 0.960094 0.732434 0.00412982
0.952 0.959224 0.732299 0.00384629
0.951 0.958354 0.732171 0.00358116
0.95 0.957485 0.732052 0.00333332
0.949 0.956615 0.731939 0.00310168
0.948 0.955745 0.731833 0.00288526
0.947 0.954876 0.731733 0.0026831
0.946 0.954006 0.731638 0.00249432
0.945 0.953136 0.731549 0.00231808
0.944 0.952266 0.731465 0.0021536
0.943 0.951395 0.731384 0.00200013
0.942 0.950526 0.731309 0.00185699
0.941 0.949654 0.731236 0.00172351
0.94 0.948783 0.731168 0.00159909
0.939 0.947912 0.731102 0.00148315
0.938 0.94704 0.731039 0.00137514
0.937 0.946167 0.730978 0.00127455
0.936 0.945294 0.730921 0.00118091
0.935 0.94442 0.730865 0.00109377
0.934 0.943545 0.73081 0.00101269
0.933 0.942669 0.730757 0.000937293
0.932 0.941794 0.730707 0.000867197
0.931 0.940916 0.730657 0.000802052
0.93 0.940038 0.730608 0.000741531
0.929 0.939158 0.73056 0.000685327
0.928 0.938279 0.730513 0.000633152
0.927 0.937397 0.730466 0.000584733
0.926 0.936515 0.73042 0.000539817
0.925 0.93563 0.730374 0.000498167
0.924 0.934745 0.730328 0.000459561
0.923 0.933858 0.730282 0.00042379
0.922 0.932969 0.730236 0.000390657
0.921 0.932079 0.730189 0.000359981
0.92 0.931187 0.730143 0.000331591
0.919 0.930293 0.730096 0.000305327
0.918 0.929397 0.730048 0.00028104
0.917 0.928499 0.729999 0.00025859
0.916 0.92761 0.72995 0.000237921
0.915 0.927052 0.729908 0.000220814
0.914 0.926494 0.729866 0.000204712
0.913 0.925934 0.729824 0.000189571
0.912 0.925374 0.729781 0.000175347
0.911 0.924811 0.729737 0.000161997
0.91 0.924247 0.729693 0.00014948
0.909 0.923681 0.729648 0.000137757
0.908 0.923113 0.729601 0.00012679
0.907 0.922543 0.729554 0.000116541
0.906 0.921971 0.729507 0.000106974
0.905 0.921396 0.729457 9.80548e-05
0.904 0.920818 0.729407 8.97499e-05
0.903 0.920238 0.729355 8.20268e-05
0.902 0.919655 0.729303 7.48544e-05
0.901 0.919068 0.729249 6.82024e-05
0.9 0.918565 0.729207 5.07033e-05
