1 1 1 1
0.999 1.0005 0.997831 0.996796
0.998 1.00101 0.995655 0.991671
0.997 1.00153 0.993471 0.985407
0.996 1.00206 0.991275 0.978483
0.995 1.00259 0.989067 0.971194
0.994 1.00313 0.986846 0.963718
0.993 1.00368 0.984611 0.956162
0.992 1.00424 0.982363 0.948592
0.991 1.00481 0.980099 0.941044
0.99 1.00538 0.977821 0.933539
0.989 1.00597 0.975528 0.926091
0.988 1.00656 0.973219 0.918704
0.987 1.00716 0.970895 0.911381
0.986 1.00777 0.968554 0.904123
0.985 1.00839 0.966197 0.89693
0.984 1.00901 0.963824 0.889799
0.983 1.00964 0.961433 0.88273
0.982 1.01028 0.959026 0.875721
0.981 1.01093 0.9566 0.868769
0.98 1.01159 0.954157 0.861874
0.979 1.01225 0.951696 0.855033
0.978 1.01292 0.949216 0.848246
0.977 1.0136 0.946717 0.841509
0.976 1.01429 0.944199 0.834822
0.975 1.01498 0.941662 0.828183
0.974 1.01568 0.939104 0.821591
0.973 1.01639 0.936526 0.815044
0.972 1.01711 0.933928 0.808541
0.971 1.01783 0.931309 0.80208
0.97 1.01857 0.928668 0.795661
0.969 1.01931 0.926005 0.789281
0.968 1.02005 0.92332 0.78294
0.967 1.02081 0.920612 0.776637
0.966 1.02157 0.917881 0.77037
0.965 1.02234 0.915127 0.764138
0.964 1.02311 0.912348 0.757941
0.963 1.0239 0.909545 0.751776
0.962 1.02469 0.906718 0.745644
0.961 1.02548 0.903864 0.739543
0.96 1.02629 0.900985 0.733472
0.959 1.0271 0.89808 0.72743
0.958 1.02792 0.895147 0.721416
0.957 1.02875 0.892187 0.715429
0.956 1.02958 0.8892 0.709469
0.955 1.03042 0.886183 0.703535
0.954 1.03127 0.883138 0.697625
0.953 1.03212 0.880062 0.691738
0.952 1.03299 0.876957 0.685875
0.951 1.03386 0.87382 0.680033
0.95 1.03473 0.870652 0.674213
0.949 1.03562 0.867452 0.668414
0.948 1.03651 0.864219 0.662634
0.947 1.03741 0.860952 0.656872
0.946 1.03831 0.857651 0.651129
0.945 1.03922 0.854315 0.645403
0.944 1.04014 0.850944 0.639694
0.943 1.04107 0.847536 0.634
0.942 1.04201 0.84409 0.628322
0.941 1.04295 0.840606 0.622657
0.94 1.04389 0.837084 0.617006
0.939 1.04485 0.833522 0.611368
0.938 1.04581 0.829919 0.605742
0.937 1.04678 0.826274 0.600126
0.936 1.04776 0.822587 0.594522
0.935 1.04874 0.818856 0.588927
0.934 1.04974 0.815081 0.583341
0.933 1.05073 0.81126 0.577763
0.932 1.05174 0.807393 0.572193
0.931 1.05275 0.803478 0.566629
0.93 1.05377 0.799514 0.561072
0.929 1.0548 0.7955 0.555519
0.928 1.05584 0.791435 0.549971
0.927 1.05688 0.787317 0.544426
0.926 1.05793 0.783146 0.538884
0.925 1.05899 0.778919 0.533344
0.924 1.06005 0.774636 0.527805
0.923 1.06112 0.770294 0.522266
0.922 1.0622 0.765893 0.516727
0.921 1.06329 0.761431 0.511186
0.92 1.06438 0.756906 0.505643
0.919 1.06548 0.752317 0.500096
0.918 1.06659 0.747662 0.494545
0.917 1.0677 0.742938 0.488989
0.916 1.06883 0.738144 0.483427
0.915 1.06996 0.733279 0.477858
0.914 1.0711 0.72834 0.47228
0.913 1.07224 0.723324 0.466693
0.912 1.0734 0.71823 0.461096
0.911 1.07456 0.713055 0.455487
0.91 1.07573 0.707797 0.449865
0.909 1.0769 0.702453 0.444229
0.908 1.07809 0.69702 0.438578
0.907 1.07928 0.691496 0.432911
0.906 1.08048 0.685877 0.427225
0.905 1.08168 0.680161 0.42152
0.904 1.0829 0.674344 0.415794
0.903 1.08412 0.668423 0.410046
0.902 1.08535 0.662393 0.404274
0.901 1.08659 0.656252 0.398475
0.9 1.08784 0.649994 0.392649
0.899 1.08909 0.643617 0.386794
0.898 1.09035 0.637114 0.380906
0.897 1.09162 0.630481 0.374985
0.896 1.0929 0.623713 0.369028
0.895 1.09418 0.616805 0.363032
0.894 1.09548 0.60975 0.356995
0.893 1.09678 0.602542 0.350914
0.892 1.09809 0.595175 0.344786
0.891 1.09941 0.58764 0.338608
0.89 1.10073 0.579931 0.332377
0.889 1.10207 0.572038 0.326088
0.888 1.10341 0.563953 0.319739
0.887 1.10476 0.555666 0.313324
0.886 1.10612 0.547166 0.306839
0.885 1.10749 0.538441 0.300279
0.884 1.10887 0.529479 0.293639
0.883 1.11025 0.520265 0.286911
0.882 1.11164 0.510783 0.280089
0.881 1.11304 0.501017 0.273167
0.88 1.11445 0.490948 0.266134
0.879 1.11587 0.480553 0.258983
0.878 1.1173 0.469809 0.251702
0.877 1.11873 0.45869 0.244279
0.876 1.12018 0.447163 0.236701
0.875 1.12163 0.435193 0.228951
0.874 1.12309 0.42274 0.221012
0.873 1.12456 0.409755 0.212862
0.872 1.12604 0.396183 0.204476
0.871 1.12753 0.381955 0.195822
0.87 1.12903 0.36699 0.186865
0.869 1.13053 0.351187 0.177558
0.868 1.13205 0.334421 0.167843
0.867 1.13357 0.316527 0.157646
0.866 1.13511 0.297293 0.146867
0.865 1.13665 0.27642 0.135367
0.864 1.1382 0.253482 0.122946
0.863 1.13976 0.227819 0.109291
0.862 1.14133 0.198308 0.0938579
0.861 1.14291 0.16271 0.075536
0.86 1.1445 0.114864 0.0510049
0.859 1.1461 -0.00586878 0.0189256

